1b 40 1b 4a  2a 1d 76 30  00 36 00 01  00 00 08 00  00 00 00 00  00 00 00 00  00 00 00 00  00 00 00 00  
00 00 00 00  00 00 00 00  00 00 00 00  00 00 00 00  00 00 00 00  00 00 00 00  00 00 00 00  00 00 00 00  
00 20 00 1d  76 30 00 36  00 01 00 00  08 00 00 00  00 00 00 00  00 00 00 00  00 00 00 00  00 00 00 00  
00 00 00 00  00 00 00 00  00 00 00 00  00 00 00 00  00 00 00 00  00 00 00 00  00 00 00 00  00 00 00 20  
00 1d 76 30  00 36 00 01  00 00 08 00  00 00 00 00  00 00 00 00  00 00 00 00  00 00 00 00  00 00 00 00  
00 00 00 00  00 00 00 00  00 00 00 00  00 00 00 00  00 00 00 00  00 00 00 00  00 00 00 00  00 20 00 1d  
76 30 00 36  00 01 00 00  08 00 00 00  00 00 00 00  00 00 00 00  00 00 00 00  00 00 00 00  00 00 00 00  
00 00 00 00  00 00 00 00  00 00 00 00  00 00 00 00  00 00 00 00  00 00 00 00  00 00 00 20  00 1d 76 30  
00 36 00 01  00 00 08 00  00 00 00 00  00 00 00 00  00 00 00 00  00 00 00 00  00 00 00 00  00 00 00 00  
00 00 00 00  00 00 00 00  00 00 00 00  00 00 00 00  00 00 00 00  00 00 00 00  00 20 00 1d  76 30 00 36  
00 01 00 00  08 00 00 00  00 00 00 00  00 00 00 00  00 00 00 00  00 00 00 00  00 00 00 00  00 00 00 00  
00 00 00 00  00 00 00 00  00 00 00 00  00 00 00 00  00 00 00 00  00 00 00 20  00 1d 76 30  00 36 00 01  
00 00 08 00  00 00 00 00  00 00 00 00  00 00 00 00  00 00 00 00  00 00 00 00  00 00 00 00  00 00 00 00  
00 00 00 00  00 00 00 00  00 00 00 00  00 00 00 00  00 00 00 00  00 20 00 1d  76 30 00 36  00 01 00 00  
08 00 00 00  00 00 00 00  00 00 00 00  00 00 00 00  00 00 00 00  00 00 00 00  00 00 00 00  00 00 00 00  
00 00 00 00  00 00 00 00  00 00 00 00  00 00 00 00  00 00 00 20  00 1d 76 30  00 36 00 01  00 00 08 00  
00 00 00 00  00 00 00 00  00 00 00 00  00 00 00 00  00 00 00 00  00 00 00 00  00 00 00 00  00 00 00 00  
00 00 00 00  00 00 00 00  00 00 00 00  00 00 00 00  00 20 00 1d  76 30 00 36  00 01 00 00  08 00 00 00  
00 00 00 00  00 00 00 00  00 00 00 00  00 00 00 00  00 00 00 00  00 00 00 00  00 00 00 00  00 00 00 00  
00 00 00 00  00 00 00 00  00 00 00 00  00 00 00 20  00 1d 76 30  00 36 00 01  00 00 08 00  00 00 00 00  
00 00 00 00  00 00 00 00  00 00 00 00  00 00 00 00  00 00 00 00  00 00 00 00  00 00 00 00  00 00 00 00  
00 00 00 00  00 00 00 00  00 00 00 00  00 20 00 1d  76 30 00 36  00 01 00 00  08 00 00 00  00 00 00 00  
00 00 00 00  00 00 00 00  00 00 00 00  00 00 00 00  00 00 00 00  00 00 00 00  00 00 00 00  00 00 00 00  
00 00 00 00  00 00 00 00  00 00 00 20  00 1d 76 30  00 36 00 01  00 00 08 00  00 00 00 00  00 00 00 00  
00 00 00 00  00 00 00 00  00 00 00 00  00 00 00 00  00 00 00 00  00 00 00 00  00 00 00 00  00 00 00 00  
00 00 00 00  00 00 00 00  00 20 00 1d  76 30 00 36  00 01 00 00  08 00 00 00  00 00 00 00  00 00 00 00  
00 00 00 00  00 00 00 00  00 00 00 00  00 00 00 00  00 00 00 00  00 00 00 00  00 00 00 00  00 00 00 00  
00 00 00 00  00 00 00 20  00 1d 76 30  00 36 00 01  00 00 08 00  00 00 00 00  00 00 00 00  00 00 00 00  
00 00 00 00  00 00 00 00  00 00 00 00  00 00 00 00  00 00 00 00  00 00 00 00  00 00 00 00  00 00 00 00  
00 00 00 00  00 20 00 1d  76 30 00 36  00 01 00 00  08 00 00 00  00 00 00 00  00 00 00 00  00 00 00 00  
00 00 00 00  00 00 00 00  00 00 00 00  00 00 00 00  00 00 00 00  00 00 00 00  00 00 00 00  00 00 00 00  
00 00 00 20  00 1d 76 30  00 36 00 01  00 00 08 00  00 00 00 00  00 00 00 00  00 00 00 00  00 00 00 00  
00 00 00 00  00 00 00 00  00 00 00 00  00 00 00 00  00 00 00 00  00 00 00 00  00 00 00 00  00 00 00 00  
00 20 00 1d  76 30 00 36  00 01 00 00  08 00 00 00  00 00 00 00  00 00 00 00  00 00 00 00  00 00 00 00  
00 00 00 00  00 00 00 00  00 00 00 00  00 00 00 00  00 00 00 00  00 00 00 00  00 00 00 00  00 00 00 20  
00 1d 76 30  00 36 00 01  00 00 08 00  00 00 00 00  00 00 00 00  00 00 00 00  00 00 00 00  00 00 00 00  
00 00 00 00  00 00 00 00  00 00 00 00  00 00 00 00  00 00 00 00  00 00 00 00  00 00 00 00  00 20 00 1d  
76 30 00 36  00 01 00 00  08 00 00 00  00 00 00 00  00 00 00 00  00 00 00 00  00 00 00 00  00 00 00 00  
00 00 00 00  00 00 00 00  00 00 00 00  00 00 00 00  00 00 00 00  00 00 00 00  00 00 00 20  00 1d 76 30  
00 36 00 01  00 00 08 00  00 00 00 00  00 00 00 00  00 00 00 00  00 00 00 00  00 00 00 00  00 00 00 00  
00 00 00 00  00 00 00 00  00 00 00 00  00 00 00 00  00 00 00 00  00 00 00 00  00 20 00 1d  76 30 00 36  
00 01 00 00  08 00 00 00  00 00 00 00  00 00 00 00  00 00 00 00  00 00 00 00  00 00 00 00  00 00 00 00  
00 00 00 00  00 00 00 00  00 00 00 00  00 00 00 00  00 00 00 00  00 00 00 20  00 1d 76 30  00 36 00 01  
00 00 08 00  00 00 00 00  00 00 00 00  00 00 00 00  00 00 00 00  00 00 00 00  00 00 00 00  00 00 00 00  
00 00 00 00  00 00 00 00  00 00 00 00  00 00 00 00  00 00 00 00  00 20 00 1d  76 30 00 36  00 01 00 00  
08 00 00 00  00 00 00 00  00 00 00 00  00 00 00 00  00 00 00 00  00 00 00 00  00 00 00 00  00 00 00 00  
00 00 00 00  00 00 00 00  00 00 00 00  00 00 00 00  00 00 00 20  00 1d 76 30  00 36 00 01  00 00 08 00  
00 00 00 00  00 00 00 00  00 00 00 00  00 00 00 00  00 00 00 00  00 00 00 00  00 00 00 00  00 00 00 00  
00 00 00 00  00 00 00 00  00 00 00 00  00 00 00 00  00 20 00 1d  76 30 00 36  00 01 00 00  08 00 00 00  
00 00 00 00  00 00 00 00  00 00 00 00  00 00 00 00  00 00 00 00  00 00 00 00  00 00 00 00  00 00 00 00  
00 00 00 00  00 00 00 00  00 00 00 00  00 00 00 20  00 1d 76 30  00 36 00 01  00 00 08 00  00 00 00 00  
00 00 00 00  00 00 00 00  00 00 00 00  00 00 00 00  00 00 00 00  00 00 00 00  00 00 00 00  00 00 00 00  
00 00 00 00  00 00 00 00  00 00 00 00  00 20 00 1d  76 30 00 36  00 01 00 00  08 00 00 00  00 00 00 00  
00 00 00 00  00 00 00 00  00 00 00 00  00 00 00 00  00 00 00 00  00 00 00 00  00 00 00 00  00 00 00 00  
00 00 00 00  00 00 00 00  00 00 00 20  00 1d 76 30  00 36 00 01  00 00 08 00  00 00 00 00  00 00 00 00  
00 00 00 00  00 00 00 00  00 00 00 00  00 00 00 00  00 00 00 00  00 00 00 00  00 00 00 00  00 00 00 00  
00 00 00 00  00 00 00 00  00 20 00 1d  76 30 00 36  00 01 00 00  08 00 00 00  00 00 00 00  00 00 00 00  
00 00 00 00  00 00 00 00  00 00 00 00  00 00 00 00  00 00 00 00  00 00 00 00  00 00 00 00  00 00 00 00  
00 00 00 00  00 00 00 20  00 1d 76 30  00 36 00 01  00 00 08 00  00 00 00 00  00 00 00 00  00 00 00 00  
00 00 00 00  00 00 00 00  00 00 00 00  00 00 00 00  00 00 00 00  00 00 00 00  00 00 00 00  00 00 00 00  
00 00 00 00  00 20 00 1d  76 30 00 36  00 01 00 00  08 00 00 00  00 00 00 00  00 00 00 00  00 00 00 00  
00 00 00 00  00 00 00 00  00 00 00 00  00 00 00 00  00 00 00 00  00 00 00 00  00 00 00 00  00 00 00 00  
00 00 00 20  00 1d 76 30  00 36 00 01  00 00 08 00  00 00 00 00  00 00 00 00  00 00 00 00  00 00 00 00  
00 00 00 00  00 00 00 00  00 00 00 00  00 00 00 00  00 00 00 00  00 00 00 00  00 00 00 00  00 00 00 00  
00 20 00 1d  76 30 00 36  00 01 00 00  08 00 00 00  00 00 00 00  00 00 00 00  00 00 00 00  00 00 00 00  
00 00 00 00  00 00 00 00  00 00 00 00  00 00 00 00  00 00 00 00  00 00 00 00  00 00 00 00  00 00 00 20  
00 1d 76 30  00 36 00 01  00 00 08 00  00 00 00 00  00 00 00 00  00 00 00 00  00 00 00 00  00 00 00 00  
00 00 00 00  00 00 00 00  00 00 00 00  00 00 00 00  00 00 00 00  00 00 00 00  00 00 00 00  00 20 00 1d  
76 30 00 36  00 01 00 00  08 00 00 00  00 00 00 00  00 00 00 00  00 00 00 00  00 00 00 00  00 00 00 00  
00 00 00 00  00 00 00 00  00 00 00 00  00 00 00 00  00 00 00 00  00 00 00 00  00 00 00 20  00 1d 76 30  
00 36 00 01  00 00 08 00  00 00 00 00  00 00 00 00  00 00 00 00  00 00 00 00  00 00 00 00  00 00 00 00  
00 00 00 00  00 00 00 00  00 00 00 00  00 00 00 00  00 00 00 00  00 00 00 00  00 20 00 1d  76 30 00 36  
00 01 00 00  08 00 00 00  00 00 00 00  00 00 00 00  00 00 00 00  00 00 00 00  00 00 00 00  00 00 00 00  
00 00 00 00  00 00 00 00  00 00 00 00  00 00 00 00  00 00 00 00  00 00 00 20  00 1d 76 30  00 36 00 01  
00 00 08 00  00 00 00 00  00 00 00 00  00 00 00 00  00 00 00 00  00 00 00 00  00 00 00 00  00 00 00 00  
00 00 00 00  00 00 00 00  00 00 00 00  00 00 00 00  00 00 00 00  00 20 00 1d  76 30 00 36  00 01 00 00  
08 00 00 00  00 00 00 00  00 00 00 00  00 00 00 00  00 00 00 00  00 00 00 00  00 00 00 00  00 00 00 00  
00 00 00 00  00 00 00 00  00 00 00 00  00 00 00 00  00 00 00 20  00 1d 76 30  00 36 00 01  00 00 08 00  
00 00 00 00  00 00 00 00  00 00 00 00  00 00 00 00  00 00 00 00  00 00 00 00  00 00 00 00  00 00 00 00  
00 00 00 00  00 00 00 00  00 00 00 00  00 00 00 00  00 20 00 1d  76 30 00 36  00 01 00 00  08 00 00 00  
00 00 00 00  00 00 00 00  00 00 00 00  00 00 00 00  00 00 00 00  00 00 00 00  00 00 00 00  00 00 00 00  
00 00 00 00  00 00 00 00  00 00 00 00  00 00 00 20  00 1d 76 30  00 36 00 01  00 00 08 00  00 00 00 00  
00 00 00 00  00 00 00 00  00 00 00 00  00 00 00 00  00 00 00 00  00 00 00 00  00 00 00 00  00 00 00 00  
00 00 00 00  00 00 00 00  00 00 00 00  00 20 00 1d  76 30 00 36  00 01 00 00  08 00 00 00  00 00 00 00  
00 00 00 00  00 00 00 00  00 00 00 00  00 00 00 00  00 00 00 00  00 00 00 00  00 00 00 00  00 00 00 00  
00 00 00 00  00 00 00 00  00 00 00 20  00 1d 76 30  00 36 00 01  00 00 08 00  00 00 00 00  00 00 00 00  
00 00 00 00  00 00 00 00  00 00 00 00  00 00 00 00  00 00 00 00  00 00 00 00  00 00 00 00  00 00 00 00  
00 00 00 00  00 00 00 00  00 20 00 1d  76 30 00 36  00 01 00 00  08 00 00 00  00 00 00 00  00 00 00 00  
00 00 00 00  00 00 00 00  00 00 00 00  00 00 00 00  00 00 00 00  00 00 00 00  00 00 00 00  00 00 00 00  
00 00 00 00  00 00 00 20  00 1d 76 30  00 36 00 01  00 00 08 00  00 00 00 00  00 00 00 00  00 00 00 00  
00 00 00 00  00 00 00 00  00 00 00 00  00 00 00 00  00 00 00 00  00 00 00 00  00 00 00 00  00 00 00 00  
00 00 00 00  00 20 00 1d  76 30 00 36  00 01 00 00  08 00 00 00  00 00 00 00  00 00 00 00  00 00 00 00  
00 00 00 00  00 00 00 00  00 00 00 00  00 00 00 00  00 00 00 00  00 00 00 00  00 00 00 00  00 00 00 00  
00 00 00 20  00 1d 76 30  00 36 00 01  00 00 08 00  00 00 00 00  00 00 00 00  00 00 00 00  00 00 00 00  
00 00 00 00  00 00 00 00  00 00 00 00  00 00 00 00  00 00 00 00  00 00 00 00  00 00 00 00  00 00 00 00  
00 20 00 1d  76 30 00 36  00 01 00 00  08 00 00 00  00 00 00 00  00 00 00 00  00 00 00 00  00 00 00 00  
00 00 00 00  00 00 00 00  00 00 00 00  00 00 00 00  00 00 00 00  00 00 00 00  00 00 00 00  00 00 00 20  
00 1d 76 30  00 36 00 01  00 00 08 00  00 00 00 00  00 00 00 00  00 00 00 00  00 00 00 00  00 00 00 00  
00 00 00 00  00 00 00 00  00 00 00 00  00 00 00 00  00 00 00 00  00 00 00 00  00 00 00 00  00 20 00 1d  
76 30 00 36  00 01 00 00  08 00 00 00  00 00 00 00  00 00 00 00  00 00 00 00  00 00 00 00  00 00 00 00  
00 00 00 00  00 00 00 00  00 00 00 00  00 00 00 00  00 00 00 00  00 00 00 00  00 00 00 20  00 1d 76 30  
00 36 00 01  00 00 08 00  00 00 00 00  00 00 00 00  00 00 00 00  00 00 00 00  00 00 00 00  00 00 00 00  
00 00 00 00  00 00 00 00  00 00 00 00  00 00 00 00  00 00 00 00  00 00 00 00  00 20 00 1d  76 30 00 36  
00 01 00 00  08 00 00 00  00 00 00 00  00 00 00 00  00 00 00 00  00 00 00 00  00 00 00 00  00 00 00 00  
00 00 00 00  00 00 00 00  00 00 00 00  00 00 00 00  00 00 00 00  00 00 00 20  00 1d 76 30  00 36 00 01  
00 00 08 00  00 00 00 00  00 00 00 00  00 00 00 00  00 00 00 00  00 00 00 00  00 00 00 00  00 00 00 00  
00 00 00 00  00 00 00 00  00 00 00 00  00 00 00 00  00 00 00 00  00 20 00 1d  76 30 00 36  00 01 00 00  
08 00 00 00  00 00 00 00  00 00 00 00  00 00 00 00  00 00 00 00  00 00 00 00  00 00 00 00  00 00 00 00  
00 00 00 00  00 00 00 00  00 00 00 00  00 00 00 00  00 00 00 20  00 1d 76 30  00 36 00 01  00 00 08 00  
00 00 00 00  00 00 00 00  00 00 00 00  00 00 00 00  00 00 00 00  00 00 00 00  00 00 00 00  00 00 00 00  
00 00 00 00  00 00 00 00  00 00 00 00  00 00 00 00  00 20 00 1d  76 30 00 36  00 01 00 00  08 00 00 00  
00 00 00 00  00 00 00 00  00 00 00 00  00 00 00 00  00 00 00 00  00 00 00 00  00 00 00 00  00 00 00 00  
00 00 00 00  00 00 00 00  00 00 00 00  00 00 00 20  00 1d 76 30  00 36 00 01  00 00 08 00  00 00 00 00  
00 00 00 00  00 00 00 00  00 00 00 00  00 00 00 00  00 00 00 00  00 00 00 00  00 00 00 00  00 00 00 00  
00 00 00 00  00 00 00 00  00 00 00 00  00 20 00 1d  76 30 00 36  00 01 00 00  08 00 00 00  00 00 00 00  
00 00 00 00  00 00 00 00  00 00 00 00  00 00 00 00  00 00 00 00  00 00 00 00  00 00 00 00  00 00 00 00  
00 00 00 00  00 00 00 00  00 00 00 20  00 1d 76 30  00 36 00 01  00 00 08 00  00 00 00 00  00 00 00 00  
00 00 00 00  00 00 00 00  00 00 00 00  00 00 00 00  00 00 00 00  00 00 00 00  00 00 00 00  00 00 00 00  
00 00 00 00  00 00 00 00  00 20 00 1d  76 30 00 36  00 01 00 00  08 00 00 00  00 00 00 00  00 00 00 00  
00 00 00 00  00 00 00 00  00 00 00 00  00 00 00 00  00 00 00 00  00 00 00 00  00 00 00 00  00 00 00 00  
00 00 00 00  00 00 00 20  00 1d 76 30  00 36 00 01  00 00 08 00  00 00 00 00  00 00 00 00  00 00 00 00  
00 00 00 00  00 00 00 00  00 00 00 00  00 00 00 00  00 00 00 00  00 00 00 00  00 00 00 00  00 00 00 00  
00 00 00 00  00 20 00 1d  76 30 00 36  00 01 00 00  08 00 00 00  00 00 00 00  00 00 00 00  00 00 00 00  
00 00 00 00  00 00 00 00  00 00 00 00  00 00 00 00  00 00 00 00  00 00 00 00  00 00 00 00  00 00 00 00  
00 00 00 20  00 1d 76 30  00 36 00 01  00 00 08 00  00 00 00 00  00 00 00 00  00 00 00 00  00 00 00 00  
00 00 00 00  00 00 00 00  00 00 00 00  00 00 00 00  00 00 00 00  00 00 00 00  00 00 00 00  00 00 00 00  
00 20 00 1d  76 30 00 36  00 01 00 00  08 00 00 00  00 00 00 00  00 00 00 00  00 00 00 00  00 00 00 00  
00 00 00 00  00 00 00 00  00 00 00 00  00 00 00 00  00 00 00 00  00 00 00 00  00 00 00 00  00 00 00 20  
00 1d 76 30  00 36 00 01  00 00 08 00  00 00 00 00  00 00 00 00  00 00 00 00  00 00 00 00  00 00 00 00  
00 00 00 00  00 00 00 00  00 00 00 00  00 00 00 00  00 00 00 00  00 00 00 00  00 00 00 00  00 20 00 1d  
76 30 00 36  00 01 00 00  08 00 00 00  00 00 00 00  00 00 00 00  00 00 00 00  00 00 00 00  00 00 00 00  
00 00 00 00  00 00 00 00  00 00 00 00  00 00 00 00  00 00 00 00  00 00 00 00  00 00 00 20  00 1d 76 30  
00 36 00 01  00 00 08 00  00 00 00 00  00 00 00 00  00 00 00 00  00 00 00 00  00 00 00 00  00 00 00 00  
00 00 00 00  00 00 00 00  00 00 00 00  00 00 00 00  00 00 00 00  00 00 00 00  00 20 00 1d  76 30 00 36  
00 01 00 00  08 00 00 00  00 00 00 00  00 00 00 00  00 00 00 00  00 00 00 00  00 00 00 00  00 00 00 00  
00 00 00 00  00 00 00 00  00 00 00 00  00 00 00 00  00 00 00 00  00 00 00 20  00 1d 76 30  00 36 00 01  
00 00 08 00  00 00 00 00  00 00 00 00  00 00 00 00  00 00 00 00  00 00 00 00  00 00 00 00  00 00 00 00  
00 00 00 00  00 00 00 00  00 00 00 00  00 00 00 00  00 00 00 00  00 20 00 1d  76 30 00 36  00 01 00 00  
08 00 00 00  00 00 00 00  00 00 00 00  00 00 00 00  00 00 00 00  00 00 00 00  00 00 00 00  00 00 00 00  
00 00 00 00  00 00 00 00  00 00 00 00  00 00 00 00  00 00 00 20  00 1d 76 30  00 36 00 01  00 00 08 00  
00 00 00 00  00 00 00 00  00 00 00 00  00 00 00 00  00 00 00 00  00 00 00 00  00 00 00 00  00 00 00 00  
00 00 00 00  00 00 00 00  00 00 00 00  00 00 00 00  00 20 00 1d  76 30 00 36  00 01 00 00  08 00 00 00  
00 00 00 00  00 00 00 00  00 00 00 00  00 00 00 00  00 00 00 00  00 00 00 00  00 00 00 00  00 00 00 00  
00 00 00 00  00 00 00 00  00 00 00 00  00 00 00 20  00 1d 76 30  00 36 00 01  00 00 08 00  00 00 00 00  
00 00 00 00  00 00 00 00  00 00 00 00  00 00 00 00  00 00 00 00  00 00 00 00  00 00 00 00  00 00 00 00  
00 00 00 00  00 00 00 00  00 00 00 00  00 20 00 1d  76 30 00 36  00 01 00 00  08 00 00 00  00 00 00 00  
00 00 00 00  00 00 00 00  00 00 00 00  00 00 00 00  00 00 00 00  00 00 00 00  00 00 00 00  00 00 00 00  
00 00 00 00  00 00 00 00  00 00 00 20  00 1d 76 30  00 36 00 01  00 00 08 00  00 00 00 00  00 00 00 00  
00 00 00 00  00 00 00 00  00 00 00 00  00 00 00 00  00 00 00 00  00 00 00 00  00 00 00 00  00 00 00 00  
00 00 00 00  00 00 00 00  00 20 00 1d  76 30 00 36  00 01 00 00  08 00 00 00  00 00 00 00  00 00 00 00  
00 00 00 00  00 00 00 00  00 00 00 00  00 00 00 00  00 00 00 00  00 00 00 00  00 00 00 00  00 00 00 00  
00 00 00 00  00 00 00 20  00 1d 76 30  00 36 00 01  00 00 08 00  00 00 00 00  00 00 00 00  00 00 00 00  
00 00 00 00  00 00 00 00  00 00 00 00  00 00 00 00  00 00 00 00  00 00 00 00  00 00 00 00  00 00 00 00  
00 00 00 00  00 20 00 1d  76 30 00 36  00 01 00 00  08 00 00 00  00 00 00 00  00 00 00 00  00 00 00 00  
00 00 00 00  00 00 00 00  00 00 00 00  00 00 00 00  00 00 00 00  00 00 00 00  00 00 00 00  00 00 00 00  
00 00 00 20  00 1d 76 30  00 36 00 01  00 00 08 00  00 00 00 00  00 00 00 00  00 00 00 00  00 00 00 00  
00 00 00 00  00 00 00 00  00 00 00 00  00 00 00 00  00 00 00 00  00 00 00 00  00 00 00 00  00 00 00 00  
00 20 00 1d  76 30 00 36  00 01 00 00  08 00 00 00  00 00 00 00  00 00 00 00  00 00 00 00  00 00 00 00  
00 00 00 00  00 00 00 00  00 00 00 00  00 00 00 00  00 00 00 00  00 00 00 00  00 00 00 00  00 00 00 20  
00 1d 76 30  00 36 00 01  00 00 08 00  00 00 00 00  00 00 00 00  00 00 00 00  00 00 00 00  00 00 00 00  
00 00 00 00  00 00 00 00  00 00 00 00  00 00 00 00  00 00 00 00  00 00 00 00  00 00 00 00  00 20 00 1d  
76 30 00 36  00 01 00 00  08 00 00 00  00 00 00 00  00 00 00 00  00 00 00 00  00 00 00 00  00 00 00 00  
00 00 00 00  00 00 00 00  00 00 00 00  00 00 00 00  00 00 00 00  00 00 00 00  00 00 00 20  00 1d 76 30  
00 36 00 01  00 00 08 00  00 00 00 00  00 00 00 00  00 00 00 00  00 00 00 00  00 00 00 00  00 00 00 00  
00 00 00 00  00 00 00 00  00 00 00 00  00 00 00 00  00 00 00 00  00 00 00 00  00 20 00 1d  76 30 00 36  
00 01 00 00  08 00 00 00  00 00 00 00  00 00 00 00  00 00 00 00  00 00 00 00  00 00 00 00  00 00 00 00  
00 00 00 00  00 00 00 00  00 00 00 00  00 00 00 00  00 00 00 00  00 00 00 20  00 1d 76 30  00 36 00 01  
00 00 08 00  00 00 00 00  00 00 00 00  00 00 00 00  00 00 00 00  00 00 00 00  00 00 00 00  00 00 00 00  
00 00 00 00  00 00 00 00  00 00 00 00  00 00 00 00  00 00 00 00  00 20 00 1d  76 30 00 36  00 01 00 00  
08 00 00 00  00 00 00 00  00 00 00 00  00 00 00 00  00 00 00 00  00 00 00 00  00 00 00 00  00 00 00 00  
00 00 00 00  00 00 00 00  00 00 00 00  00 00 00 00  00 00 00 20  00 1d 76 30  00 36 00 01  00 00 08 00  
00 00 00 00  00 00 00 00  00 00 00 00  00 00 00 00  00 00 00 00  00 00 00 00  00 00 00 00  00 00 00 00  
00 00 00 00  00 00 00 00  00 00 00 00  00 00 00 00  00 20 00 1d  76 30 00 36  00 01 00 00  08 00 00 00  
00 00 00 00  00 00 00 00  00 00 00 00  00 00 00 00  00 00 00 00  00 00 00 00  00 00 00 00  00 00 00 00  
00 00 00 00  00 00 00 00  00 00 00 00  00 00 00 20  00 1d 76 30  00 36 00 01  00 00 08 00  00 00 00 00  
00 00 00 00  00 00 00 00  00 00 00 00  00 00 00 00  00 00 00 00  00 00 00 00  00 00 00 00  00 00 00 00  
00 00 00 00  00 00 00 00  00 00 00 00  00 20 00 1d  76 30 00 36  00 01 00 00  08 00 00 00  00 00 00 00  
00 00 00 00  00 00 00 00  00 00 00 00  00 00 00 00  00 00 00 00  00 00 00 00  00 00 00 00  00 00 00 00  
00 00 00 00  00 00 00 00  00 00 00 20  00 1d 76 30  00 36 00 01  00 00 08 00  00 00 00 00  00 00 00 00  
00 00 00 00  00 00 00 00  00 00 00 00  00 00 00 00  00 00 00 00  00 00 00 00  00 00 00 00  00 00 00 00  
00 00 00 00  00 00 00 00  00 20 00 1d  76 30 00 36  00 01 00 00  08 00 00 00  00 00 00 00  00 00 00 00  
00 00 00 00  00 00 00 00  00 00 00 00  00 00 00 00  00 00 00 00  00 00 00 00  00 00 00 00  00 00 00 00  
00 00 00 00  00 00 00 20  00 1d 76 30  00 36 00 01  00 00 08 00  00 00 00 00  00 00 00 00  00 00 00 00  
00 00 00 00  00 00 00 00  00 00 00 00  00 00 00 00  00 00 00 00  00 00 00 00  00 00 00 00  00 00 00 00  
00 00 00 00  00 20 00 1d  76 30 00 36  00 01 00 00  08 00 00 00  00 00 00 00  00 00 00 00  00 00 00 00  
00 00 00 00  00 00 00 00  00 00 00 00  00 00 00 00  00 00 00 00  00 00 00 00  00 00 00 00  00 00 00 00  
00 00 00 20  00 1d 76 30  00 36 00 01  00 00 08 00  00 00 00 00  00 00 00 00  00 00 00 00  00 00 00 00  
00 00 00 00  00 00 00 00  00 00 00 00  00 00 00 00  00 00 00 00  00 00 00 00  00 00 00 00  00 00 00 00  
00 20 00 1d  76 30 00 36  00 01 00 00  08 00 00 00  00 00 00 00  00 00 00 00  00 00 00 00  00 00 00 00  
00 00 00 00  00 00 00 00  00 00 00 00  00 00 00 00  00 00 00 00  00 00 00 00  00 00 00 00  00 00 00 20  
00 1d 76 30  00 36 00 01  00 00 08 00  00 00 00 00  00 00 00 00  00 00 00 00  00 00 00 00  00 00 00 00  
00 00 00 00  00 00 00 00  00 00 00 00  00 00 00 00  00 00 00 00  00 00 00 00  00 00 00 00  00 20 00 1d  
76 30 00 36  00 01 00 00  08 00 00 00  00 00 00 00  00 00 00 00  00 00 00 00  00 00 00 00  00 00 00 00  
00 00 00 00  00 00 00 00  00 00 00 00  00 00 00 00  00 00 00 00  00 00 00 00  00 00 00 20  00 1d 76 30  
00 36 00 01  00 00 08 00  00 00 00 00  00 00 00 00  00 00 00 00  00 00 00 00  00 00 00 00  00 00 00 00  
00 00 00 00  00 00 00 00  00 00 00 00  00 00 00 00  00 00 00 00  00 00 00 00  00 20 00 1d  76 30 00 36  
00 01 00 00  08 00 00 00  00 00 00 00  00 00 00 00  00 00 00 00  00 00 00 00  00 00 00 00  00 00 00 00  
00 00 00 00  00 00 00 00  00 00 00 00  00 00 00 00  00 00 00 00  00 00 00 20  00 1d 76 30  00 36 00 01  
00 00 08 00  00 00 00 00  00 00 00 00  00 00 00 00  00 00 00 00  00 00 00 00  00 00 00 00  00 00 00 00  
00 00 00 00  00 00 00 00  00 00 00 00  00 00 00 00  00 00 00 00  00 20 00 1d  76 30 00 36  00 01 00 00  
08 00 00 00  00 00 00 00  00 00 00 00  00 00 00 00  00 00 00 00  00 00 00 00  00 00 00 00  00 00 00 00  
00 00 00 00  00 00 00 00  00 00 00 00  00 00 00 00  00 00 00 20  00 1d 76 30  00 36 00 01  00 00 08 00  
00 00 00 00  00 00 00 00  00 00 00 00  00 00 00 00  00 00 00 00  00 00 00 00  00 00 00 00  00 00 00 00  
00 00 00 00  00 00 00 00  00 00 00 00  00 00 00 00  00 20 00 1d  76 30 00 36  00 01 00 00  08 00 00 00  
00 00 00 00  00 00 00 00  00 00 00 00  00 00 00 00  00 00 00 00  00 00 00 00  00 00 00 00  00 00 00 00  
00 00 00 00  00 00 00 00  00 00 00 00  00 00 00 20  00 1d 76 30  00 36 00 01  00 00 08 00  00 00 00 00  
00 00 00 00  00 00 00 00  00 00 00 00  00 00 00 00  00 00 00 00  00 00 00 00  00 00 00 00  00 00 00 00  
00 00 00 00  00 00 00 00  00 00 00 00  00 20 00 1d  76 30 00 36  00 01 00 00  08 00 00 00  00 00 00 00  
00 00 00 00  00 00 00 00  00 00 00 00  00 00 00 00  00 00 00 00  00 00 00 00  00 00 00 00  00 00 00 00  
00 00 00 00  00 00 00 00  00 00 00 20  00 1d 76 30  00 36 00 01  00 00 08 00  00 00 00 00  00 00 00 00  
00 00 00 00  00 00 00 00  00 00 00 00  00 00 00 00  00 00 00 00  00 00 00 00  00 00 00 00  00 00 00 00  
00 00 00 00  00 00 00 00  00 20 00 1d  76 30 00 36  00 01 00 00  08 00 00 00  00 00 00 00  00 00 00 00  
00 00 00 00  00 00 00 00  00 00 00 00  00 00 00 00  00 00 00 00  00 00 00 00  00 00 00 00  00 00 00 00  
00 00 00 00  00 00 00 20  00 1d 76 30  00 36 00 01  00 00 08 00  00 00 00 00  00 00 00 00  00 00 00 00  
00 00 00 00  00 00 00 00  00 00 00 00  00 00 00 00  00 00 00 00  00 00 00 00  00 00 00 00  00 00 00 00  
00 00 00 00  00 20 00 1d  76 30 00 36  00 01 00 00  08 00 00 00  00 00 00 00  00 00 00 00  00 00 00 00  
00 00 00 00  00 00 00 00  00 00 00 00  00 00 00 00  00 00 00 00  00 00 00 00  00 00 00 00  00 00 00 00  
00 00 00 20  00 1d 76 30  00 36 00 01  00 00 08 00  00 00 00 00  00 00 00 00  00 00 00 00  00 00 00 00  
00 00 00 00  00 00 00 00  00 00 00 00  00 00 00 00  00 00 00 00  00 00 00 00  00 00 00 00  00 00 00 00  
00 20 00 1d  76 30 00 36  00 01 00 00  08 00 00 00  00 00 00 00  00 00 00 00  00 00 00 00  00 00 00 00  
00 00 00 00  00 00 00 00  00 00 00 00  00 00 00 00  00 00 00 00  00 00 00 00  00 00 00 00  00 00 00 20  
00 1d 76 30  00 36 00 01  00 00 08 00  00 00 00 00  00 00 00 00  00 00 00 00  00 00 00 00  00 00 00 00  
00 00 00 00  00 00 00 00  00 00 00 00  00 00 00 00  00 00 00 00  00 00 00 00  00 00 00 00  00 20 00 1d  
76 30 00 36  00 01 00 00  08 00 00 00  00 00 00 00  00 00 00 00  00 00 00 00  00 00 00 00  00 00 00 00  
00 00 00 00  00 00 00 00  00 00 00 00  00 00 00 00  00 00 00 00  00 00 00 00  00 00 00 20  00 1d 76 30  
00 36 00 01  00 00 08 20  20 20 20 20  20 20 20 20  20 20 20 20  20 20 20 20  20 20 20 20  20 20 20 20  
20 20 20 20  20 20 20 20  20 20 20 20  20 20 20 20  20 20 20 20  20 20 20 20  20 20 00 1d  76 30 00 36  
00 01 00 00  0d 55 55 55  55 55 55 55  55 55 55 55  55 55 55 55  55 55 55 55  55 55 55 55  55 55 55 55  
55 55 55 55  55 55 55 55  55 55 55 55  55 55 55 55  55 55 55 55  55 55 55 60  00 1d 76 30  00 36 00 01  
00 00 0a aa  aa aa aa aa  aa aa aa aa  aa aa aa aa  aa aa aa aa  aa aa aa aa  aa aa aa aa  aa aa aa aa  
aa aa aa aa  aa aa aa aa  aa aa aa aa  aa aa aa aa  aa aa aa aa  aa a0 00 1d  76 30 00 36  00 01 00 00  
08 00 00 00  00 00 00 00  00 00 00 00  00 00 00 00  00 00 00 00  00 00 00 00  00 00 00 00  00 00 00 00  
00 00 00 00  00 00 00 00  00 00 00 00  00 00 00 00  00 00 00 20  00 1d 76 30  00 36 00 01  00 00 08 00  
00 00 00 00  00 00 00 00  00 00 00 00  00 00 00 00  00 00 00 00  00 00 00 00  00 00 00 00  00 00 00 00  
00 00 00 00  00 00 00 00  00 00 00 00  00 00 00 00  00 20 00 1d  76 30 00 36  00 01 00 00  08 00 00 00  
00 00 00 00  00 00 00 00  00 00 00 00  00 00 00 00  00 00 00 00  00 00 00 00  00 00 00 00  00 00 00 00  
00 00 00 00  00 00 00 00  00 00 00 00  00 00 00 20  00 1d 76 30  00 36 00 01  00 00 08 00  00 00 00 00  
00 00 00 00  00 00 00 00  00 00 00 00  00 00 00 00  00 00 00 00  00 00 00 00  00 00 00 00  00 00 00 00  
00 00 00 00  00 00 00 00  00 00 00 00  00 20 00 1d  76 30 00 36  00 01 00 00  08 00 00 00  00 00 00 00  
00 00 00 00  00 00 00 00  00 00 00 00  00 00 00 00  00 00 00 00  00 00 00 00  00 00 00 00  00 00 00 00  
00 00 00 00  00 00 00 00  00 00 00 20  00 1d 76 30  00 36 00 01  00 00 08 00  00 00 00 00  00 00 00 00  
00 00 00 00  00 00 00 00  00 00 00 00  00 00 00 00  00 00 00 00  00 00 00 00  00 00 00 00  00 00 00 00  
00 00 00 00  00 00 00 00  00 20 00 1d  76 30 00 36  00 01 00 00  08 00 00 00  00 00 00 00  00 00 00 00  
00 00 00 00  00 00 00 00  00 00 00 00  00 00 00 00  00 00 00 00  00 00 00 00  00 00 00 00  00 00 00 00  
00 00 00 00  00 00 00 20  00 1d 76 30  00 36 00 01  00 00 08 00  00 00 00 00  00 00 00 00  00 00 00 00  
00 00 00 00  00 00 00 00  00 00 00 00  00 00 00 00  00 00 00 00  00 00 00 00  00 00 00 00  00 00 00 00  
00 00 00 00  00 20 00 1d  76 30 00 36  00 01 00 00  08 00 00 00  00 00 00 00  00 00 00 00  00 00 00 00  
00 00 00 00  00 00 00 00  00 00 00 00  00 00 00 00  00 00 00 00  00 00 00 00  00 00 00 00  00 00 00 00  
00 00 00 20  00 1d 76 30  00 36 00 01  00 00 08 00  00 00 00 00  00 00 00 00  00 00 00 00  00 00 00 00  
00 00 00 00  00 00 00 00  00 00 00 00  00 00 00 00  00 00 00 00  00 00 00 00  00 00 00 00  00 00 00 00  
00 20 00 1d  76 30 00 36  00 01 00 00  08 00 00 00  00 00 00 00  00 00 00 00  00 00 00 00  00 00 00 00  
00 00 00 00  00 00 00 00  00 00 00 00  00 00 00 00  00 00 00 00  00 00 00 00  00 00 00 00  00 00 00 20  
00 1d 76 30  00 36 00 01  00 00 08 00  00 00 00 00  00 00 00 00  00 00 00 00  00 00 00 00  00 00 00 00  
00 00 00 00  00 00 00 00  00 00 00 00  00 00 00 00  00 00 00 00  00 00 00 00  00 00 00 00  00 20 00 1d  
76 30 00 36  00 01 00 00  08 00 00 00  00 00 00 00  00 00 00 00  00 00 00 00  00 00 00 00  00 00 00 00  
00 00 00 00  00 00 00 00  00 00 00 00  00 00 00 00  00 00 00 00  00 00 00 00  00 00 00 20  00 1d 76 30  
00 36 00 01  00 00 08 00  00 00 00 00  00 00 00 00  00 00 00 00  00 00 00 00  00 00 00 00  00 00 00 00  
00 00 00 00  00 00 00 00  00 00 00 00  00 00 00 00  00 00 00 00  00 00 00 00  00 20 00 1d  76 30 00 36  
00 01 00 00  08 00 00 00  00 00 00 00  00 00 00 00  00 00 00 00  00 00 00 00  00 00 00 00  00 00 00 00  
00 00 00 00  00 00 00 00  00 00 00 00  00 00 00 00  00 00 00 00  00 00 00 20  00 1d 76 30  00 36 00 01  
00 00 08 00  00 00 00 00  00 00 00 00  00 00 00 00  00 00 00 00  00 00 00 00  00 00 00 00  00 00 00 00  
00 00 00 00  00 00 00 00  00 00 00 00  00 00 00 00  00 00 00 00  00 20 00 1d  76 30 00 36  00 01 00 00  
08 00 00 00  00 00 00 00  00 00 00 00  00 00 00 00  00 00 00 00  00 00 00 00  00 00 00 00  00 00 00 00  
00 00 00 00  00 00 00 00  00 00 00 00  00 00 00 00  00 00 00 20  00 1d 76 30  00 36 00 01  00 00 08 00  
00 00 00 00  00 00 00 00  00 00 00 00  00 00 00 00  00 00 00 00  00 00 00 00  00 00 00 00  00 00 00 00  
00 00 00 00  00 00 00 00  00 00 00 00  00 00 00 00  00 20 00 1d  76 30 00 36  00 01 00 00  08 00 00 00  
00 00 00 00  00 00 00 00  00 00 00 00  00 00 00 00  00 00 00 00  00 00 00 00  00 00 00 00  00 00 00 00  
00 00 00 00  00 00 00 00  00 00 00 00  00 00 00 20  00 1d 76 30  00 36 00 01  00 00 08 00  00 00 00 00  
00 00 00 00  00 00 00 00  00 00 00 00  00 00 00 00  00 00 00 00  00 00 00 00  00 00 00 00  00 00 00 00  
00 00 00 00  00 00 00 00  00 00 00 00  00 20 00 1d  76 30 00 36  00 01 00 00  08 00 00 00  00 00 00 00  
00 00 00 00  00 00 00 00  00 00 00 00  00 00 00 00  00 00 00 00  00 00 00 00  00 00 00 00  00 00 00 00  
00 00 00 00  00 00 00 00  00 00 00 20  00 1d 76 30  00 36 00 01  00 00 08 00  00 00 00 00  00 00 00 00  
00 00 00 00  00 00 00 00  00 00 00 00  00 00 00 00  00 00 00 00  00 00 00 00  00 00 00 00  00 00 00 00  
00 00 00 00  00 00 00 00  00 20 00 1d  76 30 00 36  00 01 00 00  08 00 00 00  00 00 00 00  00 00 00 00  
00 00 00 00  00 00 00 00  00 00 00 00  00 00 00 00  00 00 00 00  00 00 00 00  00 00 00 00  00 00 00 00  
00 00 00 00  00 00 00 20  00 1d 76 30  00 36 00 01  00 00 08 00  00 00 00 00  00 00 00 00  00 00 00 00  
00 00 00 00  00 00 00 00  00 00 00 00  00 00 00 00  00 00 00 00  00 00 00 00  00 00 00 00  00 00 00 00  
00 00 00 00  00 20 00 1d  76 30 00 36  00 01 00 00  08 00 00 00  00 00 00 00  00 00 00 00  00 00 00 00  
00 00 00 00  00 00 00 00  00 00 00 00  00 00 00 00  00 00 00 00  00 00 00 00  00 00 00 00  00 00 00 00  
00 00 00 20  00 1d 76 30  00 36 00 01  00 00 08 00  00 00 00 00  00 00 00 00  00 00 00 00  00 00 00 00  
00 00 00 00  00 00 00 00  00 00 00 00  00 00 00 00  00 00 00 00  00 00 00 00  00 00 00 00  00 00 00 00  
00 20 00 1d  76 30 00 36  00 01 00 00  08 00 00 00  00 00 00 00  00 00 00 00  00 00 00 00  00 00 00 00  
00 00 00 00  00 00 00 00  00 00 00 00  00 00 00 00  00 00 00 00  00 00 00 00  00 00 00 00  00 00 00 20  
00 1d 76 30  00 36 00 01  00 00 08 00  00 00 00 00  00 00 00 00  00 00 00 00  00 00 00 00  00 00 00 00  
00 00 00 00  00 00 00 00  00 00 00 00  00 00 00 00  00 00 00 00  00 00 00 00  00 00 00 00  00 20 00 1d  
76 30 00 36  00 01 00 00  08 00 00 00  00 00 00 00  00 00 00 00  00 00 00 00  00 00 00 00  00 00 00 00  
00 00 00 00  00 00 00 00  00 00 00 00  00 00 00 00  00 00 00 00  00 00 00 00  00 00 00 20  00 1d 76 30  
00 36 00 01  00 00 08 00  00 00 00 00  00 00 00 00  00 00 00 00  00 00 00 00  00 00 00 00  00 00 00 00  
00 00 00 00  00 00 00 00  00 00 00 00  00 00 00 00  00 00 00 00  00 00 00 00  00 20 00 1d  76 30 00 36  
00 01 00 00  08 00 00 00  00 00 00 00  00 00 00 00  00 00 00 00  00 00 00 00  00 00 00 00  00 00 00 00  
00 00 00 00  00 00 00 00  00 00 00 00  00 00 00 00  00 00 00 00  00 00 00 20  00 1d 76 30  00 36 00 01  
00 00 08 00  00 00 00 00  00 00 00 00  00 00 00 00  00 00 00 00  00 00 00 00  00 00 00 00  00 00 00 00  
00 00 00 00  00 00 00 00  00 00 00 00  00 00 00 00  00 00 00 00  00 20 00 1d  76 30 00 36  00 01 00 00  
08 00 00 00  00 00 00 00  00 00 00 00  00 00 00 00  00 00 00 00  00 00 00 00  00 00 00 00  00 00 00 00  
00 00 00 00  00 00 00 00  00 00 00 00  00 00 00 00  00 00 00 20  00 1d 76 30  00 36 00 01  00 00 08 00  
00 00 00 00  00 00 00 00  00 00 00 00  00 00 00 00  00 00 00 00  00 00 00 00  00 00 00 00  00 00 00 00  
00 00 00 00  00 00 00 00  00 00 00 00  00 00 00 00  00 20 00 1d  76 30 00 36  00 01 00 00  08 00 00 00  
00 00 00 00  00 00 00 00  00 00 00 00  00 00 00 00  00 00 00 00  00 00 00 00  00 00 00 00  00 00 00 00  
00 00 00 00  00 00 00 00  00 00 00 00  00 00 00 20  00 1d 76 30  00 36 00 01  00 00 08 00  00 00 00 00  
00 00 00 00  00 00 00 00  00 00 00 00  00 00 00 00  00 00 00 00  00 00 00 00  00 00 00 00  00 00 00 00  
00 00 00 00  00 00 00 00  00 00 00 00  00 20 00 1d  76 30 00 36  00 01 00 00  08 00 00 00  00 00 00 00  
00 00 00 00  00 00 00 00  00 00 00 00  00 00 00 00  00 00 00 00  00 00 00 00  00 00 00 00  00 00 00 00  
00 00 00 00  00 00 00 00  00 00 00 20  00 1d 76 30  00 36 00 01  00 00 08 00  00 00 00 00  00 00 00 00  
00 00 00 00  00 00 00 00  00 00 00 00  00 00 00 00  00 00 00 00  00 00 00 00  00 00 00 00  00 00 00 00  
00 00 00 00  00 00 00 00  00 20 00 1d  76 30 00 36  00 01 00 00  08 00 00 00  00 00 00 00  00 00 00 00  
00 00 00 00  00 00 00 00  00 00 00 00  00 00 00 00  00 00 00 00  00 00 00 00  00 00 00 00  00 00 00 00  
00 00 00 00  00 00 00 20  00 1d 76 30  00 36 00 01  00 00 08 00  00 00 00 00  00 00 00 00  00 00 00 00  
00 00 00 00  00 00 00 00  00 00 00 00  00 00 00 00  00 00 00 00  00 00 00 00  00 00 00 00  00 00 00 00  
00 00 00 00  00 20 00 1d  76 30 00 36  00 01 00 00  08 00 00 00  00 00 00 00  00 00 00 00  00 00 00 00  
00 00 00 00  00 00 00 00  00 00 00 00  00 00 00 00  00 00 00 00  00 00 00 00  00 00 00 00  00 00 00 00  
00 00 00 20  00 1d 76 30  00 36 00 01  00 00 08 00  00 00 00 00  00 00 00 00  00 00 00 00  00 00 00 00  
00 00 00 00  00 00 00 00  00 00 00 00  00 00 00 00  00 00 00 00  00 00 00 00  00 00 00 00  00 00 00 00  
00 20 00 1d  76 30 00 36  00 01 00 00  08 00 00 00  00 00 00 00  00 00 00 00  00 00 00 00  00 00 00 00  
00 00 00 00  00 00 00 00  00 00 00 00  00 00 00 00  00 00 00 00  00 00 00 00  00 00 00 00  00 00 00 20  
00 1d 76 30  00 36 00 01  00 00 08 00  00 00 00 00  00 00 00 00  00 00 00 00  00 00 00 00  00 00 00 00  
00 00 00 00  00 00 00 00  00 00 00 00  00 00 00 00  00 00 00 00  00 00 00 00  00 00 00 00  00 20 00 1d  
76 30 00 36  00 01 00 00  08 00 00 00  00 00 00 00  00 00 00 00  00 00 00 00  00 00 00 00  00 00 00 00  
00 00 00 00  00 00 00 00  00 00 00 00  00 00 00 00  00 00 00 00  00 00 00 00  00 00 00 20  00 1d 76 30  
00 36 00 01  00 00 08 00  00 00 00 00  00 00 00 00  00 00 00 00  00 00 00 00  00 00 00 00  00 00 00 00  
00 00 00 00  00 00 00 00  00 00 00 00  00 00 00 00  00 00 00 00  00 00 00 00  00 20 00 1d  76 30 00 36  
00 01 00 00  08 00 00 00  00 00 00 00  00 00 00 00  00 00 00 00  00 00 00 00  00 00 00 00  00 00 00 00  
00 00 00 00  00 00 00 00  00 00 00 00  00 00 00 00  00 00 00 00  00 00 00 20  00 1d 76 30  00 36 00 01  
00 00 08 00  00 00 00 00  00 00 00 00  00 00 00 00  00 00 00 00  00 00 00 00  00 00 00 00  00 00 00 00  
00 00 00 00  00 00 00 00  00 00 00 00  00 00 00 00  00 00 00 00  00 20 00 1d  76 30 00 36  00 01 00 00  
08 00 00 00  00 00 00 00  00 00 00 00  00 00 00 00  00 00 00 00  00 00 00 00  00 00 00 00  00 00 00 00  
00 00 00 00  00 00 00 00  00 00 00 00  00 00 00 00  00 00 00 20  00 1d 76 30  00 36 00 01  00 00 08 00  
00 00 00 00  00 00 00 00  00 00 00 00  00 00 00 00  00 00 00 00  00 00 00 00  00 00 00 00  00 00 00 00  
00 00 00 00  00 00 00 00  00 00 00 00  00 00 00 00  00 20 00 1d  76 30 00 36  00 01 00 00  08 00 00 00  
00 00 00 00  00 00 00 00  00 00 00 00  00 00 00 00  00 00 00 00  00 00 00 00  00 00 00 00  00 00 00 00  
00 00 00 00  00 00 00 00  00 00 00 00  00 00 00 20  00 1d 76 30  00 36 00 01  00 00 08 00  00 00 00 00  
00 00 00 00  00 00 00 00  00 00 00 00  00 00 00 00  00 00 00 00  00 00 00 00  00 00 00 00  00 00 00 00  
00 00 00 00  00 00 00 00  00 00 00 00  00 20 00 1d  76 30 00 36  00 01 00 00  08 00 00 00  00 00 00 00  
00 00 00 00  00 00 00 00  00 00 00 00  00 00 00 00  00 00 00 00  00 00 00 00  00 00 00 00  00 00 00 00  
00 00 00 00  00 00 00 00  00 00 00 20  00 1d 76 30  00 36 00 01  00 00 08 00  00 00 00 00  00 00 00 00  
00 00 00 00  00 00 00 00  00 00 00 00  00 00 00 00  00 00 00 00  00 00 00 00  00 00 00 00  00 00 00 00  
00 00 00 00  00 00 00 00  00 20 00 1d  76 30 00 36  00 01 00 00  08 00 00 00  00 00 00 00  00 00 00 00  
00 00 00 00  00 00 00 00  00 00 00 00  00 00 00 00  00 00 00 00  00 00 00 00  00 00 00 00  00 00 00 00  
00 00 00 00  00 00 00 20  00 1d 76 30  00 36 00 01  00 00 08 00  00 00 00 00  00 00 00 00  00 00 00 00  
00 00 00 00  00 00 00 00  00 00 00 00  00 00 00 00  00 00 00 00  00 00 00 00  00 00 00 00  00 00 00 00  
00 00 00 00  00 20 00 1d  76 30 00 36  00 01 00 00  08 00 00 00  00 00 00 00  00 00 00 00  00 00 00 00  
00 00 00 00  00 00 00 00  00 00 00 00  00 00 00 00  00 00 00 00  00 00 00 00  00 00 00 00  00 00 00 00  
00 00 00 20  00 1d 76 30  00 36 00 01  00 00 08 00  00 00 00 00  00 00 00 00  00 00 00 00  00 00 00 00  
00 00 00 00  00 00 00 00  00 00 00 00  00 00 00 00  00 00 00 00  00 00 00 00  00 00 00 00  00 00 00 00  
00 20 00 1d  76 30 00 36  00 01 00 00  08 00 00 00  00 00 00 00  00 00 00 00  00 00 00 00  00 00 00 00  
00 00 00 00  00 00 00 00  00 00 00 00  00 00 00 00  00 00 00 00  00 00 00 00  00 00 00 00  00 00 00 20  
00 1d 76 30  00 36 00 01  00 00 08 00  00 00 00 00  00 00 00 00  00 00 00 00  00 00 00 00  00 00 00 00  
00 00 00 00  00 00 00 00  00 00 00 00  00 00 00 00  00 00 00 00  00 00 00 00  00 00 00 00  00 20 00 1d  
76 30 00 36  00 01 00 00  08 00 00 00  00 00 00 00  00 00 00 00  00 00 00 00  00 00 00 00  00 00 00 00  
00 00 00 00  00 00 00 00  00 00 00 00  00 00 00 00  00 00 00 00  00 00 00 00  00 00 00 20  00 1d 76 30  
00 36 00 01  00 00 08 00  00 00 00 00  00 00 00 00  00 00 00 00  00 00 00 00  00 00 00 00  00 00 00 00  
00 00 00 00  00 00 00 00  00 00 00 00  00 00 00 00  00 00 00 00  00 00 00 00  00 20 00 1d  76 30 00 36  
00 01 00 00  08 00 00 00  00 00 00 00  00 00 00 00  00 00 00 00  00 00 00 00  00 00 00 00  00 00 00 00  
00 00 00 00  00 00 00 00  00 00 00 00  00 00 00 00  00 00 00 00  00 00 00 20  00 1d 76 30  00 36 00 01  
00 00 08 00  00 00 00 00  00 00 00 00  00 00 00 00  00 00 00 00  00 00 00 00  00 00 00 00  00 00 00 00  
00 00 00 00  00 00 00 00  00 00 00 00  00 00 00 00  00 00 00 00  00 20 00 1d  76 30 00 36  00 01 00 00  
08 00 00 00  00 00 00 00  00 00 00 00  00 00 00 00  00 00 00 00  00 00 00 00  00 00 00 00  00 00 00 00  
00 00 00 00  00 00 00 00  00 00 00 00  00 00 00 00  00 00 00 20  00 1d 76 30  00 36 00 01  00 00 08 00  
00 00 00 00  00 00 00 00  00 00 00 00  00 00 00 00  00 00 00 00  00 00 00 00  00 00 00 00  00 00 00 00  
00 00 00 00  00 00 00 00  00 00 00 00  00 00 00 00  00 20 00 1d  76 30 00 36  00 01 00 00  08 00 00 00  
00 00 00 00  00 00 00 00  00 00 00 00  00 00 00 00  00 00 00 00  00 00 00 00  00 00 00 00  00 00 00 00  
00 00 00 00  00 00 00 00  00 00 00 00  00 00 00 20  00 1d 76 30  00 36 00 01  00 00 08 00  00 00 00 00  
00 00 00 00  00 00 00 00  00 00 00 00  00 00 00 00  00 00 00 00  00 00 00 00  00 00 00 00  00 00 00 00  
00 00 00 00  00 00 00 00  00 00 00 00  00 20 00 1d  76 30 00 36  00 01 00 00  08 00 00 00  00 00 00 00  
00 00 00 00  00 00 00 00  00 00 00 00  00 00 00 00  00 00 00 00  00 00 00 00  00 00 00 00  00 00 00 00  
00 00 00 00  00 00 00 00  00 00 00 20  00 1d 76 30  00 36 00 01  00 00 08 00  00 00 00 00  00 00 00 00  
00 00 00 00  00 00 00 00  00 00 00 00  00 00 00 00  00 00 00 00  00 00 00 00  00 00 00 00  00 00 00 00  
00 00 00 00  00 00 00 00  00 20 00 1d  76 30 00 36  00 01 00 00  08 00 00 00  00 00 00 00  00 00 00 00  
00 00 00 00  00 00 00 00  00 00 00 00  00 00 00 00  00 00 00 00  00 00 00 00  00 00 00 00  00 00 00 00  
00 00 00 00  00 00 00 20  00 1d 76 30  00 36 00 01  00 00 08 00  00 00 00 00  00 00 00 00  00 00 00 00  
00 00 00 00  00 00 00 00  00 00 00 00  00 00 00 00  00 00 00 00  00 00 00 00  00 00 00 00  00 00 00 00  
00 00 00 00  00 20 00 1d  76 30 00 36  00 01 00 00  08 00 00 00  00 00 00 00  00 00 00 00  00 00 00 00  
00 00 00 00  00 00 00 00  00 00 00 00  00 00 00 00  00 00 00 00  00 00 00 00  00 00 00 00  00 00 00 00  
00 00 00 20  00 1d 76 30  00 36 00 01  00 00 08 00  00 00 00 00  00 00 00 00  00 00 00 00  00 00 00 00  
00 00 00 00  00 00 00 00  00 00 00 00  00 00 00 00  00 00 00 00  00 00 00 00  00 00 00 00  00 00 00 00  
00 20 00 1d  76 30 00 36  00 01 00 00  08 00 00 00  00 00 00 00  00 00 00 00  00 00 00 00  00 00 00 00  
00 00 00 00  00 00 00 00  00 00 00 00  00 00 00 00  00 00 00 00  00 00 00 00  00 00 00 00  00 00 00 20  
00 1d 76 30  00 36 00 01  00 00 08 00  00 00 00 00  00 00 00 00  00 00 00 00  00 00 00 00  00 00 00 00  
00 00 00 00  00 00 00 00  00 00 00 00  00 00 00 00  00 00 00 00  00 00 00 00  00 00 00 00  00 20 00 1d  
76 30 00 36  00 01 00 00  08 00 00 00  00 00 00 00  00 00 00 00  00 00 00 00  00 00 00 00  00 00 00 00  
00 00 00 00  00 00 00 00  00 00 00 00  00 00 00 00  00 00 00 00  00 00 00 00  00 00 00 20  00 1d 76 30  
00 36 00 01  00 00 08 00  00 00 00 00  00 00 00 00  00 00 00 00  00 00 00 00  00 00 00 00  00 00 00 00  
00 00 00 00  00 00 00 00  00 00 00 00  00 00 00 00  00 00 00 00  00 00 00 00  00 20 00 1d  76 30 00 36  
00 01 00 00  08 00 00 00  00 00 00 00  00 00 00 00  00 00 00 00  00 00 00 00  00 00 00 00  00 00 00 00  
00 00 00 00  00 00 00 00  00 00 00 00  00 00 00 00  00 00 00 00  00 00 00 20  00 1d 76 30  00 36 00 01  
00 00 08 00  00 00 00 00  00 00 00 00  00 00 00 00  00 00 00 00  00 00 00 00  00 00 00 00  00 00 00 00  
00 00 00 00  00 00 00 00  00 00 00 00  00 00 00 00  00 00 00 00  00 20 00 1d  76 30 00 36  00 01 00 00  
08 00 00 00  00 00 00 00  00 00 00 00  00 00 00 00  00 00 00 00  00 00 00 00  00 00 00 00  00 00 00 00  
00 00 00 00  00 00 00 00  00 00 00 00  00 00 00 00  00 00 00 20  00 1d 76 30  00 36 00 01  00 00 08 00  
00 00 00 00  00 00 00 00  00 00 00 00  00 00 00 00  00 00 00 00  00 00 00 00  00 00 00 00  00 00 00 00  
00 00 00 00  00 00 00 00  00 00 00 00  00 00 00 00  00 20 00 1d  76 30 00 36  00 01 00 00  08 00 00 00  
00 00 00 00  00 00 00 00  00 00 00 00  00 00 00 00  00 00 00 00  00 00 00 00  00 00 00 00  00 00 00 00  
00 00 00 00  00 00 00 00  00 00 00 00  00 00 00 20  00 1d 76 30  00 36 00 01  00 00 08 00  00 00 00 00  
00 00 00 00  00 00 00 00  00 00 00 00  00 00 00 00  00 00 00 00  00 00 00 00  00 00 00 00  00 00 00 00  
00 00 00 00  00 00 00 00  00 00 00 00  00 20 00 1d  76 30 00 36  00 01 00 00  08 00 00 00  00 00 00 00  
00 00 00 00  00 00 00 00  00 00 00 00  00 00 00 00  00 00 00 00  00 00 00 00  00 00 00 00  00 00 00 00  
00 00 00 00  00 00 00 00  00 00 00 20  00 1d 76 30  00 36 00 01  00 00 08 00  00 00 00 00  00 00 00 00  
00 00 00 00  00 00 00 00  00 00 00 00  00 00 00 00  00 00 00 00  00 00 00 00  00 00 00 00  00 00 00 00  
00 00 00 00  00 00 00 00  00 20 00 1d  76 30 00 36  00 01 00 00  08 00 00 00  00 00 00 00  00 00 00 00  
00 00 00 00  00 00 00 00  00 00 00 00  00 00 00 00  00 00 00 00  00 00 00 00  00 00 00 00  00 00 00 00  
00 00 00 00  00 00 00 20  00 1d 76 30  00 36 00 01  00 00 08 00  00 00 00 00  00 00 00 00  00 00 00 00  
00 00 00 00  00 00 00 00  00 00 00 00  00 00 00 00  00 00 00 00  00 00 00 00  00 00 00 00  00 00 00 00  
00 00 00 00  00 20 00 1d  76 30 00 36  00 01 00 00  08 00 00 00  00 00 00 00  00 00 00 00  00 00 00 00  
00 00 00 00  00 00 00 00  00 00 00 00  00 00 00 00  00 00 00 00  00 00 00 00  00 00 00 00  00 00 00 00  
00 00 00 20  00 1d 76 30  00 36 00 01  00 00 08 00  00 00 00 00  00 00 00 00  00 00 00 00  00 00 00 00  
00 00 00 00  00 00 00 00  00 00 00 00  00 00 00 00  00 00 00 00  00 00 00 00  00 00 00 00  00 00 00 00  
00 20 00 1d  76 30 00 36  00 01 00 00  08 00 00 00  00 00 00 00  00 00 00 00  00 00 00 00  00 00 00 00  
00 00 00 00  00 00 00 00  00 00 00 00  00 00 00 00  00 00 00 00  00 00 00 00  00 00 00 00  00 00 00 20  
00 1d 76 30  00 36 00 01  00 00 08 00  00 00 00 00  00 00 00 00  00 00 00 00  00 00 00 00  00 00 00 00  
00 00 00 00  00 00 00 00  00 00 00 00  00 00 00 00  00 00 00 00  00 00 00 00  00 00 00 00  00 20 00 1d  
76 30 00 36  00 01 00 00  08 00 00 00  00 00 00 00  00 00 00 00  00 00 00 00  00 00 00 00  00 00 00 00  
00 00 00 00  00 00 00 00  00 00 00 00  00 00 00 00  00 00 00 00  00 00 00 00  00 00 00 20  00 1d 76 30  
00 36 00 01  00 00 08 00  00 00 00 00  00 00 00 00  00 00 00 00  00 00 00 00  00 00 00 00  00 00 00 00  
00 00 00 00  00 00 00 00  00 00 00 00  00 00 00 00  00 00 00 00  00 00 00 00  00 20 00 1d  76 30 00 36  
00 01 00 00  08 00 00 00  00 00 00 00  00 00 00 00  00 00 00 00  00 00 00 00  00 00 00 00  00 00 00 00  
00 00 00 00  00 00 00 00  00 00 00 00  00 00 00 00  00 00 00 00  00 00 00 20  00 1d 76 30  00 36 00 01  
00 00 08 00  00 00 00 00  00 00 00 00  00 00 00 00  00 00 00 00  00 00 00 00  00 00 00 00  00 00 00 00  
00 00 00 00  00 00 00 00  00 00 00 00  00 00 00 00  00 00 00 00  00 20 00 1d  76 30 00 36  00 01 00 00  
08 00 00 00  00 00 00 00  00 00 00 00  00 00 00 00  00 00 00 00  00 00 00 00  00 00 00 00  00 00 00 00  
00 00 00 00  00 00 00 00  00 00 00 00  00 00 00 00  00 00 00 20  00 1d 76 30  00 36 00 01  00 00 08 00  
00 00 00 00  00 00 00 00  00 00 00 00  00 00 00 00  00 00 00 00  00 00 00 00  00 00 00 00  00 00 00 00  
00 00 00 00  00 00 00 00  00 00 00 00  00 00 00 00  00 20 00 1d  76 30 00 36  00 01 00 00  08 00 00 00  
00 00 00 00  00 00 00 00  00 00 00 00  00 00 00 00  00 00 00 00  00 00 00 00  00 00 00 00  00 00 00 00  
00 00 00 00  00 00 00 00  00 00 00 00  00 00 00 20  00 1d 76 30  00 36 00 01  00 00 08 00  00 00 00 00  
00 00 00 00  00 00 00 00  00 00 00 00  00 00 00 00  00 00 00 00  00 00 00 00  00 00 00 00  00 00 00 00  
00 00 00 00  00 00 00 00  00 00 00 00  00 20 00 1d  76 30 00 36  00 01 00 00  08 00 00 00  00 00 00 00  
00 00 00 00  00 00 00 00  00 00 00 00  00 00 00 00  00 00 00 00  00 00 00 00  00 00 00 00  00 00 00 00  
00 00 00 00  00 00 00 00  00 00 00 20  00 1d 76 30  00 36 00 01  00 00 08 00  00 00 00 00  00 00 00 00  
00 00 00 00  00 00 00 00  00 00 00 00  00 00 00 00  00 00 00 00  00 00 00 00  00 00 00 00  00 00 00 00  
00 00 00 00  00 00 00 00  00 20 00 1d  76 30 00 36  00 01 00 00  08 00 00 00  00 00 00 00  00 00 00 00  
00 00 00 00  00 00 00 00  00 00 00 00  00 00 00 00  00 00 00 00  00 00 00 00  00 00 00 00  00 00 00 00  
00 00 00 00  00 00 00 20  00 1d 76 30  00 36 00 01  00 00 08 00  00 00 00 00  00 00 00 00  00 00 00 00  
00 00 00 00  00 00 00 00  00 00 00 00  00 00 00 00  00 00 00 00  00 00 00 00  00 00 00 00  00 00 00 00  
00 00 00 00  00 20 00 1d  76 30 00 36  00 01 00 00  08 00 00 00  00 00 00 00  00 00 00 00  00 00 00 00  
00 00 00 00  00 00 00 00  00 00 00 00  00 00 00 00  00 00 00 00  00 00 00 00  00 00 00 00  00 00 00 00  
00 00 00 20  00 1d 76 30  00 36 00 01  00 00 08 00  00 00 00 00  00 00 00 00  00 00 00 00  00 00 00 00  
00 00 00 00  00 00 00 00  00 00 00 00  00 00 00 00  00 00 00 00  00 00 00 00  00 00 00 00  00 00 00 00  
00 20 00 0a  0a 0a 0a                                                                                   
1b 6d                                                                                                   
