1b 40 1b 4a  0a 1d 76 30  00 36 00 01  00 00 00 00  00 00 00 00  00 00 00 15  50 00 00 00  00 00 00 00  
00 00 00 00  00 00 00 00  00 00 00 00  00 00 00 00  00 00 00 00  00 00 00 00  00 00 00 00  00 00 00 00  
00 00 00 1d  76 30 00 36  00 01 00 00  00 00 00 00  00 00 00 00  00 7f f8 00  00 00 00 00  00 00 00 00  
00 00 00 00  00 00 00 00  00 00 00 00  00 00 00 00  00 00 00 00  00 00 00 00  00 00 00 00  00 00 00 00  
00 1d 76 30  00 36 00 01  00 00 00 00  00 05 04 04  04 00 00 55  7c 00 00 00  00 00 00 00  00 00 00 00  
00 00 00 00  00 00 00 00  00 00 00 00  00 00 00 00  00 00 00 00  00 00 00 00  00 00 00 00  00 00 00 1d  
76 30 00 36  00 01 00 00  00 00 00 07  06 0c 06 00  00 00 38 00  00 00 00 00  00 00 00 00  00 00 00 00  
00 00 00 00  00 00 00 00  00 00 00 00  00 00 00 00  00 00 00 00  00 00 00 00  00 00 00 00  00 1d 76 30  
00 36 00 01  00 00 00 00  00 07 07 1c  07 00 00 00  70 00 00 00  00 00 00 00  00 00 00 00  00 00 00 00  
00 00 00 00  00 00 00 00  00 00 00 00  00 00 00 00  00 00 00 00  00 00 00 00  00 00 00 1d  76 30 00 36  
00 01 00 00  00 00 00 07  86 0c 06 00  00 00 70 00  00 00 00 00  00 00 00 00  00 00 00 00  00 00 00 00  
00 00 00 00  00 00 00 00  00 00 00 00  00 00 00 00  00 00 00 00  00 00 00 00  00 1d 76 30  00 36 00 01  
00 00 00 00  00 07 87 1c  07 00 00 01  e0 00 00 00  00 00 00 00  00 00 00 00  00 00 00 00  00 00 00 00  
00 00 00 00  00 00 00 00  00 00 00 00  00 00 00 00  00 00 00 00  00 00 00 1d  76 30 00 36  00 01 00 00  
00 00 00 07  c6 0c 06 00  00 01 c0 00  00 00 00 00  00 00 00 00  00 00 00 00  00 00 00 00  00 00 00 00  
00 00 00 00  00 00 00 00  00 00 00 00  00 00 00 00  00 00 00 00  00 1d 76 30  00 36 00 01  00 00 00 00  
00 07 c7 1c  07 00 00 07  00 00 00 00  00 00 00 00  00 00 00 00  00 00 00 00  00 00 00 00  00 00 00 00  
00 00 00 00  00 00 00 00  00 00 00 00  00 00 00 00  00 00 00 1d  76 30 00 36  00 01 00 00  00 00 00 06  
e6 0c e6 00  00 03 00 00  00 00 00 00  00 00 00 00  00 00 00 00  00 00 00 00  00 00 00 00  00 00 00 00  
00 00 00 00  00 00 00 00  00 00 00 00  00 00 00 00  00 1d 76 30  00 36 00 01  00 00 00 00  00 04 67 1c  
e7 00 00 07  00 00 00 00  00 00 00 00  00 00 00 00  00 00 00 00  00 00 00 00  00 00 00 00  00 00 00 00  
00 00 00 00  00 00 00 00  00 00 00 00  00 00 00 1d  76 30 00 36  00 01 00 00  00 00 00 06  76 0c e6 03  
e0 06 00 00  00 00 00 00  00 00 00 00  00 00 00 00  00 00 00 00  00 00 00 00  00 00 00 00  00 00 00 00  
00 00 00 00  00 00 00 00  00 00 00 00  00 1d 76 30  00 36 00 01  00 00 00 00  00 06 77 15  77 07 60 14  
00 00 00 00  00 00 00 00  00 00 00 00  00 00 00 00  00 00 00 00  00 00 00 00  00 00 00 00  00 00 00 00  
00 00 00 00  00 00 00 00  00 00 00 1d  76 30 00 36  00 01 00 00  00 00 00 06  3e 07 be 00  80 0c 00 00  
00 00 00 00  00 00 00 00  00 00 00 00  00 00 00 00  00 00 00 00  00 00 00 00  00 00 00 00  00 00 00 00  
00 00 00 00  00 00 00 00  00 1d 76 30  00 36 00 01  00 00 00 00  00 04 1f 07  bc 00 00 1c  00 00 00 00  
00 00 00 00  00 00 00 00  00 00 00 00  00 00 00 00  00 00 00 00  00 00 00 00  00 00 00 00  00 00 00 00  
00 00 00 00  00 00 00 1d  76 30 00 36  00 01 00 00  00 00 00 06  1e 07 bc 00  00 08 00 00  00 00 00 00  
00 00 00 00  00 00 00 00  00 00 00 00  00 00 00 00  00 00 00 00  00 00 00 00  00 00 00 00  00 00 00 00  
00 00 00 00  00 1d 76 30  00 36 00 01  00 00 00 00  00 06 17 07  1c 00 00 1c  00 00 00 00  00 00 00 00  
00 00 00 00  00 00 00 00  00 00 00 00  00 00 00 00  00 00 00 00  00 00 00 00  00 00 00 00  00 00 00 00  
00 00 00 1d  76 30 00 36  00 01 00 00  00 00 00 06  0e 07 1c 00  00 0c 00 00  00 00 00 00  00 00 00 00  
00 00 00 00  00 00 00 00  00 00 00 00  00 00 00 00  00 00 00 00  00 00 00 00  00 00 00 00  00 00 00 00  
00 1d 76 30  00 36 00 01  00 00 00 00  00 04 05 05  14 00 00 14  00 00 00 00  00 00 00 00  00 00 00 00  
00 00 00 00  00 00 00 00  00 00 00 00  00 00 00 00  00 00 00 00  00 00 00 00  00 00 00 00  00 00 00 1b  
4a 06 1d 76  30 00 36 00  01 00 00 00  00 00 8f c0  e0 66 23 f0  39 98 0c fc  fe 06 63 33  f9 81 8f cc  
c0 66 02 33  f3 81 9f 8c  c0 fe 66 3f  30 19 99 8c  0f ce 7e 03  03 00 00 00  00 00 00 00  00 00 00 00  
1d 76 30 00  36 00 01 00  00 00 00 01  df c0 40 67  77 f0 11 9c  1d fc 7c 07  77 73 f1 01  df cc c0 46  
07 73 f1 01  9f dc c0 7e  67 7f 30 11  9d dc 0f c4  7f 07 03 00  00 00 00 00  00 00 00 00  00 00 1d 76  
30 00 36 00  01 00 00 00  00 01 8f c0  e0 66 33 f0  39 98 08 fc  fe 06 23 33  f3 81 9f cc  c0 66 03 33  
f3 81 9f 8c  c0 fe 66 3f  30 39 99 8c  0f e6 7e 03  03 00 00 00  00 00 00 00  00 00 00 00  1d 76 30 00  
36 00 01 00  00 00 00 01  5f 40 40 67  77 70 11 18  1d 7c 7c 07  77 33 71 01  1f 5c 40 47  07 73 71 01  
1f 5d 40 7e  77 7f 30 11  19 5c 07 44  7f 07 03 00  00 00 00 00  00 00 00 00  00 00 1d 76  30 00 36 00  
01 00 00 00  00 00 8f c0  e0 66 23 f0  39 98 0c fc  fe 06 63 33  f9 81 9f cc  c0 e6 06 33  f3 81 9f cc  
c0 fe 66 3f  30 39 99 8c  0f ee 7e 03  03 00 00 00  00 00 00 00  00 00 00 00  1d 76 30 00  36 00 01 00  
00 00 00 01  df c0 40 67  77 f0 11 98  1d fc 7c 06  77 73 f1 01  df cc c0 46  07 73 f1 01  9f dc c0 7c  
67 7f 30 11  9d dc 0f c4  7f 07 01 00  00 00 00 00  00 00 00 00  00 00 1d 76  30 00 36 00  01 00 00 00  
00 01 8f c0  e0 66 33 f0  39 98 08 fc  fe 06 63 33  f3 81 9f cc  c0 66 02 33  f3 81 9f 8c  c0 fe 66 3f  
30 39 99 88  0f e6 7e 03  03 00 00 00  00 00 00 00  00 00 00 00  1d 76 30 00  36 00 01 00  00 00 00 01  
df c0 40 77  77 f0 11 18  1d fc 7c 07  77 33 f1 01  9f dc 40 66  07 73 f1 01  9f dc c0 7e  77 7f 30 11  
19 dc 07 c4  7f 07 03 00  00 00 00 00  00 00 00 00  00 00 1d 76  30 00 36 00  01 00 00 00  00 00 8f c0  
e0 66 23 f0  39 98 0c fc  fe 06 63 33  fb 81 8f cc  c0 66 06 33  f3 81 9f 8c  c0 fe 66 3f  30 39 99 8c  
0f ee 7e 03  03 00 00 00  00 00 00 00  00 00 00 00  1d 76 30 00  36 00 01 00  00 00 00 01  df c0 40 67  
77 f0 11 9c  1d fc 7c 07  77 73 f1 01  df cc c0 46  07 73 f1 01  9f dc c0 7c  67 7f 30 11  9d dc 0f c4  
7f 07 01 00  00 00 00 00  00 00 00 00  00 00 1d 76  30 00 36 00  01 00 00 00  00 01 8f c0  e0 66 33 f0  
39 98 08 fc  fe 06 23 33  f3 81 9f cc  c0 66 03 33  f3 81 9f 8c  c0 fe 66 3f  30 39 99 8c  0f e6 7e 03  
03 00 00 00  00 00 00 00  00 00 00 00  1d 76 30 00  36 00 01 00  00 00 00 01  5f 40 40 67  77 70 11 18  
1d 7c 7c 07  77 33 71 01  1f 5c 40 47  07 73 71 01  1f 5d 40 7e  77 7f 30 11  19 5c 07 44  7f 07 03 00  
00 00 00 00  00 00 00 00  00 00 1d 76  30 00 36 00  01 00 00 00  00 00 8f c0  e0 66 23 f0  39 98 0c fc  
fe 06 63 33  f9 81 9f cc  c0 e6 06 33  f3 81 9f cc  c0 fe 66 3f  30 39 99 8c  0f ee 7e 03  03 00 00 00  
00 00 00 00  00 00 00 00  1d 76 30 00  36 00 01 00  00 00 00 01  df c0 40 67  77 f0 11 98  1d fc 7c 06  
77 73 f1 01  df cc c0 46  07 73 f1 01  9f dc c0 7c  67 7f 30 11  9d dc 0f c4  7f 07 01 00  00 00 00 00  
00 00 00 00  00 00 1d 76  30 00 36 00  01 00 00 00  00 01 8f c0  e0 66 33 f0  39 98 08 fc  fe 06 63 33  
f3 81 9f cc  c0 66 02 33  f3 81 9f 8c  c0 fe 66 3f  30 39 99 88  0f e6 7e 03  03 00 00 00  00 00 00 00  
00 00 00 00  1d 76 30 00  36 00 01 00  00 00 00 01  df c0 40 77  77 f0 11 18  1d fc 7c 07  77 33 f1 01  
9f dc 40 66  07 73 f1 01  9f dc c0 7e  77 7f 30 11  19 dc 07 c4  7f 07 03 00  00 00 00 00  00 00 00 00  
00 00 1d 76  30 00 36 00  01 00 00 00  00 00 8f c0  e0 66 23 f0  39 98 0c fc  fe 06 63 33  fb 81 8f cc  
c0 66 06 33  f3 81 9f 8c  c0 fe 66 3f  30 39 99 8c  0f ee 7e 03  03 00 00 00  00 00 00 00  00 00 00 00  
1d 76 30 00  36 00 01 00  00 00 00 01  df c0 40 67  77 f0 11 9c  1d fc 7c 07  77 73 f1 01  df cc c0 46  
07 73 f1 01  9f dc c0 7c  67 7f 30 11  9d dc 0f c4  7f 07 01 00  00 00 00 00  00 00 00 00  00 00 1d 76  
30 00 36 00  01 00 00 00  00 01 8f c0  e0 66 33 f0  39 98 08 fc  fe 06 23 33  f3 81 9f cc  c0 66 03 33  
f3 81 9f 8c  c0 fe 66 3f  30 39 99 8c  0f e6 7e 03  03 00 00 00  00 00 00 00  00 00 00 00  1d 76 30 00  
36 00 01 00  00 00 00 01  5f 40 40 67  77 70 11 18  1d 7c 7c 07  77 33 71 01  1f 5c 40 47  07 73 71 01  
1f 5d 40 7e  77 7f 30 11  19 5c 07 44  7f 07 03 00  00 00 00 00  00 00 00 00  00 00 1d 76  30 00 36 00  
01 00 00 00  00 00 8f c0  e0 66 23 f0  39 98 0c fc  fe 06 63 33  f9 81 9f cc  c0 e6 06 33  f3 81 9f cc  
c0 fe 66 3f  30 39 99 8c  0f ee 7e 03  03 00 00 00  00 00 00 00  00 00 00 00  1d 76 30 00  36 00 01 00  
00 00 00 01  df c0 40 67  77 f0 11 98  1d fc 7c 06  77 73 f1 01  df cc c0 46  07 73 f1 01  9f dc c0 7c  
67 7f 30 11  9d dc 0f c4  7f 07 01 00  00 00 00 00  00 00 00 00  00 00 1d 76  30 00 36 00  01 00 00 00  
00 01 8f c0  e0 66 33 f0  39 98 08 fc  fe 06 63 33  f3 81 9f cc  c0 66 02 33  f3 81 9f 8c  c0 fe 66 3f  
30 39 99 88  0f e6 7e 03  03 00 00 00  00 00 00 00  00 00 00 00  1d 76 30 00  36 00 01 00  00 00 00 01  
df c0 40 77  77 f0 11 18  1d fc 7c 07  77 33 f1 01  9f dc 40 66  07 73 f1 01  9f dc c0 7e  77 7f 30 11  
19 dc 07 c4  7f 07 03 00  00 00 00 00  00 00 00 00  00 00 1d 76  30 00 36 00  01 00 00 00  00 00 8f c0  
e0 66 23 f0  39 98 0c fc  fe 06 63 33  fb 81 8f cc  c0 66 06 33  f3 81 9f 8c  c0 fe 66 3f  30 39 99 8c  
0f ee 7e 03  03 00 00 00  00 00 00 00  00 00 00 00  1d 76 30 00  36 00 01 00  00 00 00 01  df c0 40 67  
77 f0 11 9c  1d fc 7c 07  77 73 f1 01  df cc c0 46  07 73 f1 01  9f dc c0 7c  67 7f 30 11  9d dc 0f c4  
7f 07 01 00  00 00 00 00  00 00 00 00  00 00 1d 76  30 00 36 00  01 00 00 00  00 01 8f c0  e0 66 33 f0  
39 98 08 fc  fe 06 23 33  f3 81 9f cc  c0 66 03 33  f3 81 9f 8c  c0 fe 66 3f  30 39 99 8c  0f e6 7e 03  
03 00 00 00  00 00 00 00  00 00 00 00  1d 76 30 00  36 00 01 00  00 00 00 01  5f 40 40 67  77 70 11 18  
1d 7c 7c 07  77 33 71 01  1f 5c 40 47  07 73 71 01  1f 5d 40 7e  77 7f 30 11  19 5c 07 44  7f 07 03 00  
00 00 00 00  00 00 00 00  00 00 1d 76  30 00 36 00  01 00 00 00  00 00 8f c0  e0 66 23 f0  39 98 0c fc  
fe 06 63 33  f9 81 9f cc  c0 e6 06 33  f3 81 9f cc  c0 fe 66 3f  30 39 99 8c  0f ee 7e 03  03 00 00 00  
00 00 00 00  00 00 00 00  1d 76 30 00  36 00 01 00  00 00 00 01  df c0 40 67  77 f0 11 98  1d fc 7c 06  
77 73 f1 01  df cc c0 46  07 73 f1 01  9f dc c0 7c  67 7f 30 11  9d dc 0f c4  7f 07 01 00  00 00 00 00  
00 00 00 00  00 00 1d 76  30 00 36 00  01 00 00 00  00 01 8f c0  e0 66 33 f0  39 98 08 fc  fe 06 63 33  
f3 81 9f cc  c0 66 02 33  f3 81 9f 8c  c0 fe 66 3f  30 39 99 88  0f e6 7e 03  03 00 00 00  00 00 00 00  
00 00 00 00  1d 76 30 00  36 00 01 00  00 00 00 01  df c0 40 77  77 f0 11 18  1d fc 7c 07  77 33 f1 01  
9f dc 40 66  07 73 f1 01  9f dc c0 7e  77 7f 30 11  19 dc 07 c4  7f 07 03 00  00 00 00 00  00 00 00 00  
00 00 1d 76  30 00 36 00  01 00 00 00  00 00 8f c0  e0 66 23 f0  39 98 0c fc  fe 06 63 33  fb 81 8f cc  
c0 66 06 33  f3 81 9f 8c  c0 fe 66 3f  30 39 99 8c  0f ee 7e 03  03 00 00 00  00 00 00 00  00 00 00 00  
1d 76 30 00  36 00 01 00  00 00 00 01  df c0 40 67  77 f0 11 9c  1d fc 7c 07  77 73 f1 01  df cc c0 46  
07 73 f1 01  9f dc c0 7c  67 7f 30 11  9d dc 0f c4  7f 07 01 00  00 00 00 00  00 00 00 00  00 00 1d 76  
30 00 36 00  01 00 00 00  00 01 8f c0  e0 66 33 f0  39 98 08 fc  fe 06 23 33  f3 81 9f cc  c0 66 03 33  
f3 81 9f 8c  c0 fe 66 3f  30 39 99 8c  0f e6 7e 03  03 00 00 00  00 00 00 00  00 00 00 00  1d 76 30 00  
36 00 01 00  00 00 00 01  5f 40 40 67  77 70 11 18  1d 7c 7c 07  77 33 71 01  1f 5c 40 47  07 73 71 01  
1f 5d 40 7e  77 7f 30 11  19 5c 07 44  7f 07 03 00  00 00 00 00  00 00 00 00  00 00 1d 76  30 00 36 00  
01 00 00 00  00 00 8f c0  e0 66 23 f0  39 98 0c fc  fe 06 63 33  f9 81 9f cc  c0 e6 06 33  f3 81 9f cc  
c0 fe 66 3f  30 39 99 8c  0f ee 7e 03  03 00 00 00  00 00 00 00  00 00 00 00  1d 76 30 00  36 00 01 00  
00 00 00 01  df c0 40 67  77 f0 11 98  1d fc 7c 06  77 73 f1 01  df cc c0 46  07 73 f1 01  9f dc c0 7c  
67 7f 30 11  9d dc 0f c4  7f 07 01 00  00 00 00 00  00 00 00 00  00 00 1d 76  30 00 36 00  01 00 00 00  
00 01 8f c0  e0 66 33 f0  39 98 08 fc  fe 06 63 33  f3 81 9f cc  c0 66 02 33  f3 81 9f 8c  c0 fe 66 3f  
30 39 99 88  0f e6 7e 03  03 00 00 00  00 00 00 00  00 00 00 00  1d 76 30 00  36 00 01 00  00 00 00 01  
df c0 40 77  77 f0 11 18  1d fc 7c 07  77 33 f1 01  9f dc 40 66  07 73 f1 01  9f dc c0 7e  77 7f 30 11  
19 dc 07 c4  7f 07 03 00  00 00 00 00  00 00 00 00  00 00 1d 76  30 00 36 00  01 00 00 00  00 00 8f c0  
e0 66 23 f0  39 98 0c fc  fe 06 63 33  fb 81 8f cc  c0 66 06 33  f3 81 9f 8c  c0 fe 66 3f  30 39 99 8c  
0f ee 7e 03  03 00 00 00  00 00 00 00  00 00 00 00  1d 76 30 00  36 00 01 00  00 00 00 01  df c0 40 67  
77 f0 11 9c  1d fc 7c 07  77 73 f1 01  df cc c0 46  07 73 f1 01  9f dc c0 7c  67 7f 30 11  9d dc 0f c4  
7f 07 01 00  00 00 00 00  00 00 00 00  00 00 1d 76  30 00 36 00  01 00 00 00  00 01 8f c0  e0 66 33 f0  
39 98 08 fc  fe 06 23 33  f3 81 9f cc  c0 66 03 33  f3 81 9f 8c  c0 fe 66 3f  30 39 99 8c  0f e6 7e 03  
03 00 00 00  00 00 00 00  00 00 00 00  1d 76 30 00  36 00 01 00  00 00 00 01  5f 40 40 67  77 70 11 18  
1d 7c 7c 07  77 33 71 01  1f 5c 40 47  07 73 71 01  1f 5d 40 7e  77 7f 30 11  19 5c 07 44  7f 07 03 00  
00 00 00 00  00 00 00 00  00 00 1d 76  30 00 36 00  01 00 00 00  00 00 8f c0  e0 66 23 f0  39 98 0c fc  
fe 06 63 33  f9 81 9f cc  c0 e6 06 33  f3 81 9f cc  c0 fe 66 3f  30 39 99 8c  0f ee 7e 03  03 00 00 00  
00 00 00 00  00 00 00 00  1d 76 30 00  36 00 01 00  00 00 00 01  df c0 40 67  77 f0 11 98  1d fc 7c 06  
77 73 f1 01  df cc c0 46  07 73 f1 01  9f dc c0 7c  67 7f 30 11  9d dc 0f c4  7f 07 01 00  00 00 00 00  
00 00 00 00  00 00 1d 76  30 00 36 00  01 00 00 00  00 01 8f c0  e0 66 33 f0  39 98 08 fc  fe 06 63 33  
f3 81 9f cc  c0 66 02 33  f3 81 9f 8c  c0 fe 66 3f  30 39 99 88  0f e6 7e 03  03 00 00 00  00 00 00 00  
00 00 00 00  1d 76 30 00  36 00 01 00  00 00 00 01  df c0 40 77  77 f0 11 18  1d fc 7c 07  77 33 f1 01  
9f dc 40 66  07 73 f1 01  9f dc c0 7e  77 7f 30 11  19 dc 07 c4  7f 07 03 00  00 00 00 00  00 00 00 00  
00 00 1d 76  30 00 36 00  01 00 00 00  00 00 8f c0  e0 66 23 f0  39 98 0c fc  fe 06 63 33  fb 81 8f cc  
c0 66 06 33  f3 81 9f 8c  c0 fe 66 3f  30 39 99 8c  0f ee 7e 03  03 00 00 00  00 00 00 00  00 00 00 00  
1d 76 30 00  36 00 01 00  00 00 00 01  df c0 40 67  77 f0 11 9c  1d fc 7c 07  77 73 f1 01  df cc c0 46  
07 73 f1 01  9f dc c0 7c  67 7f 30 11  9d dc 0f c4  7f 07 01 00  00 00 00 00  00 00 00 00  00 00 1d 76  
30 00 36 00  01 00 00 00  00 01 8f c0  e0 66 33 f0  39 98 08 fc  fe 06 23 33  f3 81 9f cc  c0 66 03 33  
f3 81 9f 8c  c0 fe 66 3f  30 39 99 8c  0f e6 7e 03  03 00 00 00  00 00 00 00  00 00 00 00  1d 76 30 00  
36 00 01 00  00 00 00 01  5f 40 40 67  77 70 11 18  1d 7c 7c 07  77 33 71 01  1f 5c 40 47  07 73 71 01  
1f 5d 40 7e  77 7f 30 11  19 5c 07 44  7f 07 03 00  00 00 00 00  00 00 00 00  00 00 1d 76  30 00 36 00  
01 00 00 00  00 00 8f c0  e0 66 23 f0  39 98 0c fc  fe 06 63 33  f9 81 9f cc  c0 e6 06 33  f3 81 9f cc  
c0 fe 66 3f  30 39 99 8c  0f ee 7e 03  03 00 00 00  00 00 00 00  00 00 00 00  1d 76 30 00  36 00 01 00  
00 00 00 01  df c0 40 67  77 f0 11 98  1d fc 7c 06  77 73 f1 01  df cc c0 46  07 73 f1 01  9f dc c0 7c  
67 7f 30 11  9d dc 0f c4  7f 07 01 00  00 00 00 00  00 00 00 00  00 00 1d 76  30 00 36 00  01 00 00 00  
00 01 8f c0  e0 66 33 f0  39 98 08 fc  fe 06 63 33  f3 81 9f cc  c0 66 02 33  f3 81 9f 8c  c0 fe 66 3f  
30 39 99 88  0f e6 7e 03  03 00 00 00  00 00 00 00  00 00 00 00  1d 76 30 00  36 00 01 00  00 00 00 01  
df c0 40 77  77 f0 11 18  1d fc 7c 07  77 33 f1 01  9f dc 40 66  07 73 f1 01  9f dc c0 7e  77 7f 30 11  
19 dc 07 c4  7f 07 03 00  00 00 00 00  00 00 00 00  00 00 1d 76  30 00 36 00  01 00 00 00  00 00 8f c0  
e0 66 23 f0  39 98 0c fc  fe 06 63 33  fb 81 8f cc  c0 66 06 33  f3 81 9f 8c  c0 fe 66 3f  30 39 99 8c  
0f ee 7e 03  03 00 00 00  00 00 00 00  00 00 00 00  1d 76 30 00  36 00 01 00  00 00 00 01  df c0 40 67  
77 f0 11 9c  1d fc 7c 07  77 73 f1 01  df cc c0 46  07 73 f1 01  9f dc c0 7c  67 7f 30 11  9d dc 0f c4  
7f 07 01 00  00 00 00 00  00 00 00 00  00 00 1d 76  30 00 36 00  01 00 00 00  00 01 8f c0  e0 66 33 f0  
39 98 08 fc  fe 06 23 33  f3 81 9f cc  c0 66 03 33  f3 81 9f 8c  c0 fe 66 3f  30 39 99 8c  0f e6 7e 03  
03 00 00 00  00 00 00 00  00 00 00 00  1d 76 30 00  36 00 01 00  00 00 00 01  5f 40 40 67  77 70 11 18  
1d 7c 7c 07  77 33 71 01  1f 5c 40 47  07 73 71 01  1f 5d 40 7e  77 7f 30 11  19 5c 07 44  7f 07 03 00  
00 00 00 00  00 00 00 00  00 00 1d 76  30 00 36 00  01 00 00 00  00 00 8f c0  e0 66 23 f0  39 98 0c fc  
fe 06 63 33  f9 81 9f cc  c0 e6 06 33  f3 81 9f cc  c0 fe 66 3f  30 39 99 8c  0f ee 7e 03  03 00 00 00  
00 00 00 00  00 00 00 00  1d 76 30 00  36 00 01 00  00 00 00 01  df c0 40 67  77 f0 11 98  1d fc 7c 06  
77 73 f1 01  df cc c0 46  07 73 f1 01  9f dc c0 7c  67 7f 30 11  9d dc 0f c4  7f 07 01 00  00 00 00 00  
00 00 00 00  00 00 1d 76  30 00 36 00  01 00 00 00  00 01 8f c0  e0 66 33 f0  39 98 08 fc  fe 06 63 33  
f3 81 9f cc  c0 66 02 33  f3 81 9f 8c  c0 fe 66 3f  30 39 99 88  0f e6 7e 03  03 00 00 00  00 00 00 00  
00 00 00 00  1d 76 30 00  36 00 01 00  00 00 00 01  df c0 40 77  77 f0 11 18  1d fc 7c 07  77 33 f1 01  
9f dc 40 66  07 73 f1 01  9f dc c0 7e  77 7f 30 11  19 dc 07 c4  7f 07 03 00  00 00 00 00  00 00 00 00  
00 00 1d 76  30 00 36 00  01 00 00 00  00 00 8f c0  e0 66 23 f0  39 98 0c fc  fe 06 63 33  fb 81 8f cc  
c0 66 06 33  f3 81 9f 8c  c0 fe 66 3f  30 39 99 8c  0f ee 7e 03  03 00 00 00  00 00 00 00  00 00 00 00  
1d 76 30 00  36 00 01 00  00 00 00 01  df c0 40 67  77 f0 11 9c  1d fc 7c 07  77 73 f1 01  df cc c0 46  
07 73 f1 01  9f dc c0 7c  67 7f 30 11  9d dc 0f c4  7f 07 01 00  00 00 00 00  00 00 00 00  00 00 1d 76  
30 00 36 00  01 00 00 00  00 01 8f c0  e0 66 33 f0  39 98 08 fc  fe 06 23 33  f3 81 9f cc  c0 66 03 33  
f3 81 9f 8c  c0 fe 66 3f  30 39 99 8c  0f e6 7e 03  03 00 00 00  00 00 00 00  00 00 00 00  1d 76 30 00  
36 00 01 00  00 00 00 01  5f 40 40 67  77 70 11 18  1d 7c 7c 07  77 33 71 01  1f 5c 40 47  07 73 71 01  
1f 5d 40 7e  77 7f 30 11  19 5c 07 44  7f 07 03 00  00 00 00 00  00 00 00 00  00 00 1d 76  30 00 36 00  
01 00 00 00  00 00 8f c0  e0 66 23 f0  39 98 0c fc  fe 06 63 33  f9 81 9f cc  c0 e6 06 33  f3 81 9f cc  
c0 fe 66 3f  30 39 99 8c  0f ee 7e 03  03 00 00 00  00 00 00 00  00 00 00 00  1d 76 30 00  36 00 01 00  
00 00 00 01  df c0 40 67  77 f0 11 98  1d fc 7c 06  77 73 f1 01  df cc c0 46  07 73 f1 01  9f dc c0 7c  
67 7f 30 11  9d dc 0f c4  7f 07 01 00  00 00 00 00  00 00 00 00  00 00 1d 76  30 00 36 00  01 00 00 00  
00 01 8f c0  e0 66 33 f0  39 98 08 fc  fe 06 63 33  f3 81 9f cc  c0 66 02 33  f3 81 9f 8c  c0 fe 66 3f  
30 39 99 88  0f e6 7e 03  03 00 00 00  00 00 00 00  00 00 00 00  1d 76 30 00  36 00 01 00  00 00 00 01  
df c0 40 77  77 f0 11 18  1d fc 7c 07  77 33 f1 01  9f dc 40 66  07 73 f1 01  9f dc c0 7e  77 7f 30 11  
19 dc 07 c4  7f 07 03 00  00 00 00 00  00 00 00 00  00 00 1d 76  30 00 36 00  01 00 00 00  00 00 8f c0  
e0 66 23 f0  39 98 0c fc  fe 06 63 33  fb 81 8f cc  c0 66 06 33  f3 81 9f 8c  c0 fe 66 3f  30 39 99 8c  
0f ee 7e 03  03 00 00 00  00 00 00 00  00 00 00 00  1d 76 30 00  36 00 01 00  00 00 00 01  df c0 40 67  
77 f0 11 9c  1d fc 7c 07  77 73 f1 01  df cc c0 46  07 73 f1 01  9f dc c0 7c  67 7f 30 11  9d dc 0f c4  
7f 07 01 00  00 00 00 00  00 00 00 00  00 00 1d 76  30 00 36 00  01 00 00 00  00 01 8f c0  e0 66 33 f0  
39 98 08 fc  fe 06 23 33  f3 81 9f cc  c0 66 03 33  f3 81 9f 8c  c0 fe 66 3f  30 39 99 8c  0f e6 7e 03  
03 00 00 00  00 00 00 00  00 00 00 00  1d 76 30 00  36 00 01 00  00 00 00 01  5f 40 40 67  77 70 11 18  
1d 7c 7c 07  77 33 71 01  1f 5c 40 47  07 73 71 01  1f 5d 40 7e  77 7f 30 11  19 5c 07 44  7f 07 03 00  
00 00 00 00  00 00 00 00  00 00 1d 76  30 00 36 00  01 00 00 00  00 00 8f c0  e0 66 23 f0  39 98 0c fc  
fe 06 63 33  f9 81 9f cc  c0 e6 06 33  f3 81 9f cc  c0 fe 66 3f  30 39 99 8c  0f ee 7e 03  03 00 00 00  
00 00 00 00  00 00 00 00  1d 76 30 00  36 00 01 00  00 00 00 01  df c0 40 67  77 f0 11 98  1d fc 7c 06  
77 73 f1 01  df cc c0 46  07 73 f1 01  9f dc c0 7c  67 7f 30 11  9d dc 0f c4  7f 07 01 00  00 00 00 00  
00 00 00 00  00 00 1d 76  30 00 36 00  01 00 00 00  00 01 8f c0  e0 66 33 f0  39 98 08 fc  fe 06 63 33  
f3 81 9f cc  c0 66 02 33  f3 81 9f 8c  c0 fe 66 3f  30 39 99 88  0f e6 7e 03  03 00 00 00  00 00 00 00  
00 00 00 00  1d 76 30 00  36 00 01 00  00 00 00 01  df c0 40 77  77 f0 11 18  1d fc 7c 07  77 33 f1 01  
9f dc 40 66  07 73 f1 01  9f dc c0 7e  77 7f 30 11  19 dc 07 c4  7f 07 03 00  00 00 00 00  00 00 00 00  
00 00 1d 76  30 00 36 00  01 00 00 00  00 00 8f c0  e0 66 23 f0  39 98 0c fc  fe 06 63 33  fb 81 8f cc  
c0 66 06 33  f3 81 9f 8c  c0 fe 66 3f  30 39 99 8c  0f ee 7e 03  03 00 00 00  00 00 00 00  00 00 00 00  
1d 76 30 00  36 00 01 00  00 00 00 01  df c0 40 67  77 f0 11 9c  1d fc 7c 07  77 73 f1 01  df cc c0 46  
07 73 f1 01  9f dc c0 7c  67 7f 30 11  9d dc 0f c4  7f 07 01 00  00 00 00 00  00 00 00 00  00 00 1d 76  
30 00 36 00  01 00 00 00  00 01 8f c0  e0 66 33 f0  39 98 08 fc  fe 06 23 33  f3 81 9f cc  c0 66 03 33  
f3 81 9f 8c  c0 fe 66 3f  30 39 99 8c  0f e6 7e 03  03 00 00 00  00 00 00 00  00 00 00 00  1d 76 30 00  
36 00 01 00  00 00 00 01  5f 40 40 67  77 70 11 18  1d 7c 7c 07  77 33 71 01  1f 5c 40 47  07 73 71 01  
1f 5d 40 7e  77 7f 30 11  19 5c 07 44  7f 07 03 00  00 00 00 00  00 00 00 00  00 00 1d 76  30 00 36 00  
01 00 00 00  00 00 8f c0  e0 66 23 f0  39 98 0c fc  fe 06 63 33  f9 81 9f cc  c0 e6 06 33  f3 81 9f cc  
c0 fe 66 3f  30 39 99 8c  0f ee 7e 03  03 00 00 00  00 00 00 00  00 00 00 00  1d 76 30 00  36 00 01 00  
00 00 00 01  df c0 40 67  77 f0 11 98  1d fc 7c 06  77 73 f1 01  df cc c0 46  07 73 f1 01  9f dc c0 7c  
67 7f 30 11  9d dc 0f c4  7f 07 01 00  00 00 00 00  00 00 00 00  00 00 1d 76  30 00 36 00  01 00 00 00  
00 01 8f c0  e0 66 33 f0  39 98 08 fc  fe 06 63 33  f3 81 9f cc  c0 66 02 33  f3 81 9f 8c  c0 fe 66 3f  
30 39 99 88  0f e6 7e 03  03 00 00 00  00 00 00 00  00 00 00 00  1d 76 30 00  36 00 01 00  00 00 00 01  
df c0 40 77  77 f0 11 18  1d fc 7c 07  77 33 f1 01  9f dc 40 66  07 73 f1 01  9f dc c0 7e  77 7f 30 11  
19 dc 07 c4  7f 07 03 00  00 00 00 00  00 00 00 00  00 00 1d 76  30 00 36 00  01 00 00 00  00 00 8f c0  
e0 66 23 f0  39 98 0c fc  fe 06 63 33  fb 81 8f cc  c0 66 06 33  f3 81 9f 8c  c0 fe 66 3f  30 39 99 8c  
0f ee 7e 03  03 00 00 00  00 00 00 00  00 00 00 00  1d 76 30 00  36 00 01 00  00 00 00 01  df c0 40 67  
77 f0 11 9c  1d fc 7c 07  77 73 f1 01  df cc c0 46  07 73 f1 01  9f dc c0 7c  67 7f 30 11  9d dc 0f c4  
7f 07 01 00  00 00 00 00  00 00 00 00  00 00 1d 76  30 00 36 00  01 00 00 00  00 01 8f c0  e0 66 33 f0  
39 98 08 fc  fe 06 23 33  f3 81 9f cc  c0 66 03 33  f3 81 9f 8c  c0 fe 66 3f  30 39 99 8c  0f e6 7e 03  
03 00 00 00  00 00 00 00  00 00 00 00  1d 76 30 00  36 00 01 00  00 00 00 01  5f 40 40 67  77 70 11 18  
1d 7c 7c 07  77 33 71 01  1f 5c 40 47  07 73 71 01  1f 5d 40 7e  77 7f 30 11  19 5c 07 44  7f 07 03 00  
00 00 00 00  00 00 00 00  00 00 1d 76  30 00 36 00  01 00 00 00  00 00 8f c0  e0 66 23 f0  39 98 0c fc  
fe 06 63 33  f9 81 9f cc  c0 e6 06 33  f3 81 9f cc  c0 fe 66 3f  30 39 99 8c  0f ee 7e 03  03 00 00 00  
00 00 00 00  00 00 00 00  1d 76 30 00  36 00 01 00  00 00 00 01  df c0 40 67  77 f0 11 98  1d fc 7c 06  
77 73 f1 01  df cc c0 46  07 73 f1 01  9f dc c0 7c  67 7f 30 11  9d dc 0f c4  7f 07 01 00  00 00 00 00  
00 00 00 00  00 00 1d 76  30 00 36 00  01 00 00 00  00 01 8f c0  e0 66 33 f0  39 98 08 fc  fe 06 63 33  
f3 81 9f cc  c0 66 02 33  f3 81 9f 8c  c0 fe 66 3f  30 39 99 88  0f e6 7e 03  03 00 00 00  00 00 00 00  
00 00 00 00  1d 76 30 00  36 00 01 00  00 00 00 01  df c0 40 77  77 f0 11 18  1d fc 7c 07  77 33 f1 01  
9f dc 40 66  07 73 f1 01  9f dc c0 7e  77 7f 30 11  19 dc 07 c4  7f 07 03 00  00 00 00 00  00 00 00 00  
00 00 1d 76  30 00 36 00  01 00 00 00  00 00 8f c0  e0 66 23 f0  39 98 0c fc  fe 06 63 33  fb 81 8f cc  
c0 66 06 33  f3 81 9f 8c  c0 fe 66 3f  30 39 99 8c  0f ee 7e 03  03 00 00 00  00 00 00 00  00 00 00 00  
1d 76 30 00  36 00 01 00  00 00 00 01  df c0 40 67  77 f0 11 9c  1d fc 7c 07  77 73 f1 01  df cc c0 46  
07 73 f1 01  9f dc c0 7c  67 7f 30 11  9d dc 0f c4  7f 07 01 00  00 00 00 00  00 00 00 00  00 00 1d 76  
30 00 36 00  01 00 00 00  00 01 8f c0  e0 66 33 f0  39 98 08 fc  fe 06 23 33  f3 81 9f cc  c0 66 03 33  
f3 81 9f 8c  c0 fe 66 3f  30 39 99 8c  0f e6 7e 03  03 00 00 00  00 00 00 00  00 00 00 00  1d 76 30 00  
36 00 01 00  00 00 00 01  5f 40 40 67  77 70 11 18  1d 7c 7c 07  77 33 71 01  1f 5c 40 47  07 73 71 01  
1f 5d 40 7e  77 7f 30 11  19 5c 07 44  7f 07 03 00  00 00 00 00  00 00 00 00  00 00 1d 76  30 00 36 00  
01 00 00 00  00 00 8f c0  e0 66 23 f0  39 98 0c fc  fe 06 63 33  f9 81 9f cc  c0 e6 06 33  f3 81 9f cc  
c0 fe 66 3f  30 39 99 8c  0f ee 7e 03  03 00 00 00  00 00 00 00  00 00 00 00  1d 76 30 00  36 00 01 00  
00 00 00 01  df c0 40 67  77 f0 11 98  1d fc 7c 06  77 73 f1 01  df cc c0 46  07 73 f1 01  9f dc c0 7e  
67 7f 30 11  9d dc 0f c4  7f 07 03 00  00 00 00 00  00 00 00 00  00 00 1b 4a  02 1d 76 30  00 36 00 01  
00 00 00 00  00 00 00 00  00 f8 00 00  c0 00 ff c0  07 fe 00 00  78 03 ff f0  01 ff 81 ff  fe 00 ff c0  
07 fc 00 3f  e0 00 1e 00  00 00 00 00  00 00 00 00  00 00 00 00  00 00 00 1d  76 30 00 36  00 01 00 00  
00 00 00 00  00 00 01 fc  00 05 c0 01  f5 d0 07 57  00 01 78 07  ff f0 05 d7  c1 ff fe 01  d5 c0 07 5d  
00 7d 74 00  5f 00 00 00  00 00 00 00  00 00 00 00  00 00 00 00  00 1d 76 30  00 36 00 01  00 00 00 00  
00 00 00 00  01 fc 00 3f  c0 03 a0 f0  1e 07 80 01  f8 07 a2 20  0f 03 c0 22  2e 03 80 f0  1e 07 00 f8  
3e 00 3f 00  00 00 00 00  00 00 00 00  00 00 00 00  00 00 00 1d  76 30 00 36  00 01 00 00  00 00 00 00  
00 00 01 7c  00 57 40 07  00 70 1c 01  40 03 78 07  00 00 1f 01  40 00 1c 07  00 70 1c 07  01 70 1f 00  
7f 00 00 00  00 00 00 00  00 00 00 00  00 00 00 00  00 1d 76 30  00 36 00 01  00 00 00 00  00 00 00 00  
01 fc 00 03  c0 03 80 78  28 03 c0 07  f8 0f 80 00  1e 00 00 00  3c 07 80 70  3c 03 81 e0  0f 00 7f 80  
00 00 00 00  00 00 00 00  00 00 00 00  00 00 00 1d  76 30 00 36  00 01 00 00  00 00 00 00  00 00 01 dc  
00 07 c0 05  00 70 00 07  c0 15 78 07  15 00 1c 54  00 00 7c 07  40 70 7c 01  c1 c0 17 00  77 80 00 00  
00 00 00 00  00 00 00 00  00 00 00 00  00 1d 76 30  00 36 00 01  00 00 00 00  00 00 00 00  03 8e 00 03  
c0 00 00 f0  00 23 80 1e  78 0f bf a0  3c fe 00 00  38 03 c0 e0  3c 03 e3 c0  07 00 f3 80  00 00 00 00  
00 00 00 00  00 00 00 00  00 00 00 1d  76 30 00 36  00 01 00 00  00 00 00 00  00 00 07 57  00 07 c0 00  
01 f0 00 7c  00 34 70 07  d1 f0 7f 07  00 00 70 01  ff c0 7c 07  c3 c0 07 01  f3 c0 00 00  00 00 00 00  
00 00 00 00  00 00 00 00  00 1d 76 30  00 36 00 01  00 00 00 00  00 00 00 00  07 07 00 03  c0 00 07 80  
00 3f 00 70  78 0f 80 f8  3e 03 c0 00  f0 00 ff c0  1e 0f e3 c0  07 01 e1 c0  00 00 00 00  00 00 00 00  
00 00 00 00  00 00 00 1d  76 30 00 36  00 01 00 00  00 00 00 00  00 00 0f 07  80 07 c0 00  0f 00 00 07  
c0 f0 78 00  00 7c 7c 01  c0 01 f0 07  c0 f0 1f f9  c7 c0 07 01  c5 e0 00 00  00 00 00 00  00 00 00 00  
00 00 00 00  00 1d 76 30  00 36 00 01  00 00 00 00  00 00 00 00  0f ff 80 03  c0 00 3c 00  00 03 c1 c0  
78 00 00 78  3c 03 e0 01  e0 0f 00 78  03 e3 81 c0  07 03 ff e0  00 00 00 00  00 00 00 00  00 00 00 00  
00 00 00 1d  76 30 00 36  00 01 00 00  00 00 00 00  00 00 1f 7f  40 07 40 00  78 00 38 01  63 7f 7f 00  
00 7c 1c 01  40 01 40 07  00 7c 00 07  41 40 1f 07  7f 70 00 00  00 00 00 00  00 00 00 00  00 00 00 00  
00 1d 76 30  00 36 00 01  00 00 00 00  00 00 00 00  1c 01 c0 03  c0 01 e0 00  38 01 c3 ff  ff 8e 00 78  
1e 03 e0 03  c0 0f 80 78  3c 07 81 e0  0e 07 80 70  00 00 00 00  00 00 00 00  00 00 00 00  00 00 00 1d  
76 30 00 36  00 01 00 00  00 00 00 00  00 00 3c 01  e0 07 c0 07  c0 00 7c 07  c0 00 78 07  00 f0 1f 07  
c0 07 00 07  00 f0 1c 07  00 f0 1c 07  00 7c 00 00  00 00 00 00  00 00 00 00  00 00 00 00  00 1d 76 30  
00 36 00 01  00 00 00 00  00 00 00 00  38 00 e0 03  c0 07 ff f8  1f ff 80 00  78 03 ff e0  07 ff 80 0f  
80 03 ff e0  0f fe 00 3f  f8 0e 00 38  00 00 00 00  00 00 00 00  00 00 00 00  00 00 00 1d  76 30 00 36  
00 01 00 00  00 00 00 00  00 00 78 01  f0 07 c0 07  ff fc 17 fd  00 00 78 01  ff 00 01 fd  00 07 00 01  
ff 80 07 fc  00 1f d0 1f  00 3c 00 00  00 00 00 00  00 00 00 00  00 00 00 00  00 1b 4a 07  1d 76 30 00  
36 00 01 00  00 00 00 00  00 00 00 00  00 00 00 00  10 01 50 00  00 00 00 00  00 00 00 00  00 00 00 00  
00 00 00 00  00 00 00 00  00 00 00 00  00 00 00 00  00 00 00 00  00 00 00 00  00 00 1d 76  30 00 36 00  
01 00 00 00  00 00 00 00  00 00 00 00  00 00 3c 01  f8 00 00 00  00 00 00 00  00 00 00 00  00 00 00 00  
00 00 00 00  00 00 00 00  00 00 00 00  00 00 00 00  00 00 00 00  00 00 00 00  1d 76 30 00  36 00 01 00  
00 00 00 00  01 40 05 40  04 00 45 40  7c 07 dc 07  f0 00 00 00  00 00 00 00  00 00 00 00  00 00 00 00  
00 00 00 00  00 00 00 00  00 00 00 00  00 00 00 00  00 00 00 00  00 00 1d 76  30 00 36 00  01 00 00 00  
00 00 01 e0  07 c0 3c 00  ff c0 38 07  07 07 f8 00  00 00 00 00  00 00 00 00  00 00 00 00  00 00 00 00  
00 00 00 00  00 00 00 00  00 00 00 00  00 00 00 00  00 00 00 00  1d 76 30 00  36 00 01 00  00 00 00 00  
07 7c 1f 70  77 00 77 40  7c 04 07 0f  1c 00 00 00  00 00 00 00  00 00 00 00  00 00 00 00  00 00 00 00  
00 00 00 00  00 00 00 00  00 00 00 00  00 00 00 00  00 00 1d 76  30 00 36 00  01 00 00 00  00 00 07 38  
3c 70 23 80  e0 01 cc 00  03 0c 0e 00  00 00 00 00  00 00 00 00  00 00 00 00  00 00 00 00  00 00 00 00  
00 00 00 00  00 00 00 00  00 00 00 00  00 00 00 00  1d 76 30 00  36 00 01 00  00 00 00 00  04 00 10 30  
71 c0 40 01  dc 00 07 0c  04 00 00 00  00 00 00 00  00 00 00 00  00 00 00 00  00 00 00 00  00 00 00 00  
00 00 00 00  00 00 00 00  00 00 00 00  00 00 1d 76  30 00 36 00  01 00 00 00  00 00 0c 00  30 18 30 c0  
e0 01 08 00  07 07 38 00  00 00 00 00  00 00 00 00  00 00 00 00  00 00 00 00  00 00 00 00  00 00 00 00  
00 00 00 00  00 00 00 00  00 00 00 00  1d 76 30 00  36 00 01 00  00 00 00 00  1c 00 70 18  70 60 40 01  
1c 00 1c 03  70 00 00 00  00 00 00 00  00 00 00 00  00 00 00 00  00 00 00 00  00 00 00 00  00 00 00 00  
00 00 00 00  00 00 00 00  00 00 1d 76  30 00 36 00  01 00 00 00  00 00 0c 00  20 18 20 60  ff 80 0c 00  
3c 03 f8 00  00 00 00 00  00 00 00 00  00 00 00 00  00 00 00 00  00 00 00 00  00 00 00 00  00 00 00 00  
00 00 00 00  00 00 00 00  1d 76 30 00  36 00 01 00  00 00 00 00  1c 00 70 1c  70 60 7f 80  1c 00 70 07  
dc 00 00 00  00 00 00 00  00 00 00 00  00 00 00 00  00 00 00 00  00 00 00 00  00 00 00 00  00 00 00 00  
00 00 00 00  00 00 1d 76  30 00 36 00  01 00 00 00  00 00 0c 00  30 18 30 60  e2 00 08 01  e0 0e 0e 00  
00 00 00 00  00 00 00 00  00 00 00 00  00 00 00 00  00 00 00 00  00 00 00 00  00 00 00 00  00 00 00 00  
00 00 00 00  1d 76 30 00  36 00 01 00  00 00 00 00  1c 00 70 18  70 60 40 00  1c 01 40 0c  07 00 00 00  
00 00 00 00  00 00 00 00  00 00 00 00  00 00 00 00  00 00 00 00  00 00 00 00  00 00 00 00  00 00 00 00  
00 00 1d 76  30 00 36 00  01 00 00 00  00 00 0c 00  20 18 20 e0  e0 00 0c 03  80 0c 03 00  00 00 00 00  
00 00 00 00  00 00 00 00  00 00 00 00  00 00 00 00  00 00 00 00  00 00 00 00  00 00 00 00  00 00 00 00  
1d 76 30 00  36 00 01 00  00 00 00 00  04 10 50 10  70 c0 40 00  1c 07 00 0c  07 00 00 00  00 00 00 00  
00 00 00 00  00 00 00 00  00 00 00 00  00 00 00 00  00 00 00 00  00 00 00 00  00 00 00 00  00 00 1d 76  
30 00 36 00  01 00 00 00  00 00 06 38  38 30 32 80  e0 00 08 06  00 0e 03 00  00 00 00 00  00 00 00 00  
00 00 00 00  00 00 00 00  00 00 00 00  00 00 00 00  00 00 00 00  00 00 00 00  00 00 00 00  1d 76 30 00  
36 00 01 00  00 00 00 00  07 70 1d 70  77 00 55 40  1c 07 55 07  57 00 00 00  00 00 00 00  00 00 00 00  
00 00 00 00  00 00 00 00  00 00 00 00  00 00 00 00  00 00 00 00  00 00 00 00  00 00 1d 76  30 00 36 00  
01 00 00 00  00 00 03 f0  0f e0 3e 00  ff c0 0c 07  ff 07 fe 00  00 00 00 00  00 00 00 00  00 00 00 00  
00 00 00 00  00 00 00 00  00 00 00 00  00 00 00 00  00 00 00 00  00 00 00 00  1d 76 30 00  36 00 01 00  
00 00 00 00  01 40 05 40  54 00 55 40  1c 05 55 01  50 00 00 00  00 00 00 00  00 00 00 00  00 00 00 00  
00 00 00 00  00 00 00 00  00 00 00 00  00 00 00 00  00 00 00 00  00 00 1b 4a  05 1d 76 30  00 36 00 01  
00 00 00 00  00 76 38 1f  70 1c 37 01  77 01 40 1c  37 00 37 70  07 17 47 70  00 71 c0 70  07 74 77 17  
c0 17 71 71  70 00 00 00  00 00 00 00  00 00 00 00  00 00 00 00  00 00 00 1d  76 30 00 36  00 01 00 00  
00 00 00 fe  38 0f f8 0e  3f 01 ff 01  c0 0e 3f 00  3f e0 07 0f  c7 e0 00 e3  c0 e0 07 fc  3f 1f 80 1f  
f8 e3 f8 00  00 00 00 00  00 00 00 00  00 00 00 00  00 00 00 00  00 1d 76 30  00 36 00 01  00 00 00 00  
00 7c 3c 1f  fc 1c 3f 01  ff 01 c0 1c  7f 00 7f f0  07 1f c7 f0  00 f1 c0 f0  07 fc 7f 1f  c0 1f f0 e1  
f0 00 00 00  00 00 00 00  00 00 00 00  00 00 00 00  00 00 00 1d  76 30 00 36  00 01 00 00  00 00 00 fe  
38 0f f8 0e  3f 01 ff 03  c0 0e 3f 00  3f e0 07 1f  c7 e0 00 e3  80 e0 07 fe  3f 1f 80 1f  f8 e3 f8 00  
00 00 00 00  00 00 00 00  00 00 00 00  00 00 00 00  00 1d 76 30  00 36 00 01  00 00 00 00  00 7e 38 1f  
78 1e 3f 01  7f 01 40 1c  3f 00 3f 70  07 1f 47 70  00 71 40 70  07 7c 7f 1f  40 1f 71 71  70 00 00 00  
00 00 00 00  00 00 00 00  00 00 00 00  00 00 00 1d  76 30 00 36  00 01 00 00  00 00 00 fe  38 0f f8 0e  
3f 01 ff 01  c0 0e 3f 00  3f e0 07 1f  c7 e0 00 e3  c0 e0 07 fc  3f 1f 80 1f  f8 e3 f8 00  00 00 00 00  
00 00 00 00  00 00 00 00  00 00 00 00  00 1d 76 30  00 36 00 01  00 00 00 00  00 7c 3c 1f  fc 1c 3f 01  
ff 01 c0 1c  7f 00 7f f0  07 1f c7 f0  00 f1 c0 f0  07 fc 7f 1f  c0 1f f0 e1  f0 00 00 00  00 00 00 00  
00 00 00 00  00 00 00 00  00 00 00 1d  76 30 00 36  00 01 00 00  00 00 00 fe  38 0f f8 0e  3f 01 ff 01  
c0 1e 3f 00  3f e0 07 1f  c7 e0 00 e3  80 e0 07 fe  3f 1f 80 1f  f8 e3 f8 00  00 00 00 00  00 00 00 00  
00 00 00 00  00 00 00 00  00 1d 76 30  00 36 00 01  00 00 00 00  00 7e 38 1f  f8 1e 3f 01  ff 01 c0 1c  
3f 00 3f f0  07 1f c7 f0  00 71 c0 70  07 fc 7f 1f  c0 1f f1 f1  f0 00 00 00  00 00 00 00  00 00 00 00  
00 00 00 00  00 00 00 1d  76 30 00 36  00 01 00 00  00 00 00 fe  38 0f f8 0e  3f 01 ff 01  c0 0e 3f 00  
3f e0 07 0f  c7 e0 00 e3  c0 e0 07 fc  3f 1f 80 1f  f8 e3 f8 00  00 00 00 00  00 00 00 00  00 00 00 00  
00 00 00 00  00 1d 76 30  00 36 00 01  00 00 00 00  00 7c 3c 1f  fc 1c 3f 01  ff 01 c0 1c  7f 00 7f f0  
07 1f c7 f0  00 f1 c0 f0  07 fc 7f 1f  c0 1f f0 e1  f0 00 00 00  00 00 00 00  00 00 00 00  00 00 00 00  
00 00 00 1d  76 30 00 36  00 01 00 00  00 00 00 fe  38 0f f8 0e  3f 01 ff 03  c0 0e 3f 00  3f e0 07 1f  
c7 e0 00 e3  80 e0 07 fe  3f 1f 80 1f  f8 e3 f8 00  00 00 00 00  00 00 00 00  00 00 00 00  00 00 00 00  
00 1d 76 30  00 36 00 01  00 00 00 00  00 7e 38 1f  78 1e 3f 01  7f 01 40 1c  3f 00 3f 70  07 1f 47 70  
00 71 40 70  07 7c 7f 1f  40 1f 71 71  70 00 00 00  00 00 00 00  00 00 00 00  00 00 00 00  00 00 00 1d  
76 30 00 36  00 01 00 00  00 00 00 fe  38 0f f8 0e  3f 01 ff 01  c0 0e 3f 00  3f e0 07 1f  c7 e0 00 e3  
c0 e0 07 fc  3f 1f 80 1f  f8 e3 f8 00  00 00 00 00  00 00 00 00  00 00 00 00  00 00 00 00  00 1d 76 30  
00 36 00 01  00 00 00 00  00 7c 3c 1f  fc 1c 3f 01  ff 01 c0 1c  7f 00 7f f0  07 1f c7 f0  00 f1 c0 f0  
07 fc 7f 1f  c0 1f f0 e1  f0 00 00 00  00 00 00 00  00 00 00 00  00 00 00 00  00 00 00 1d  76 30 00 36  
00 01 00 00  00 00 00 fe  38 0f f8 0e  3f 01 ff 01  c0 1e 3f 00  3f e0 07 1f  c7 e0 00 e3  80 e0 07 fe  
3f 1f 80 1f  f8 e3 f8 00  00 00 00 00  00 00 00 00  00 00 00 00  00 00 00 00  00 1d 76 30  00 36 00 01  
00 00 00 00  00 7e 38 1f  f8 1e 3f 01  ff 01 c0 1c  3f 00 3f f0  07 1f c7 f0  00 71 c0 70  07 fc 7f 1f  
c0 1f f1 f1  f0 00 00 00  00 00 00 00  00 00 00 00  00 00 00 00  00 00 00 1d  76 30 00 36  00 01 00 00  
00 00 00 fe  38 0f f8 0e  3f 01 ff 01  c0 0e 3f 00  3f e0 07 0f  c7 e0 00 e3  c0 e0 07 fc  3f 1f 80 1f  
f8 e3 f8 00  00 00 00 00  00 00 00 00  00 00 00 00  00 00 00 00  00 1d 76 30  00 36 00 01  00 00 00 00  
00 7c 3c 1f  fc 1c 3f 01  ff 01 c0 1c  7f 00 7f f0  07 1f c7 f0  00 f1 c0 f0  07 fc 7f 1f  c0 1f f0 e1  
f0 00 00 00  00 00 00 00  00 00 00 00  00 00 00 00  00 00 00 1d  76 30 00 36  00 01 00 00  00 00 00 fe  
38 0f f8 0e  3f 01 ff 03  c0 0e 3f 00  3f e0 07 1f  c7 e0 00 e3  80 e0 07 fe  3f 1f 80 1f  f8 e3 f8 00  
00 00 00 00  00 00 00 00  00 00 00 00  00 00 00 00  00 1d 76 30  00 36 00 01  00 00 00 00  00 7e 38 1f  
78 1e 3f 01  7f 01 40 1c  3f 00 3f 70  07 1f 47 70  00 71 40 70  07 7c 7f 1f  40 1f 71 71  70 00 00 00  
00 00 00 00  00 00 00 00  00 00 00 00  00 00 00 1d  76 30 00 36  00 01 00 00  00 00 00 fe  38 0f f8 0e  
3f 01 ff 01  c0 0e 3f 00  3f e0 07 1f  c7 e0 00 e3  c0 e0 07 fc  3f 1f 80 1f  f8 e3 f8 00  00 00 00 00  
00 00 00 00  00 00 00 00  00 00 00 00  00 1d 76 30  00 36 00 01  00 00 00 00  00 7c 3c 1f  fc 1c 3f 01  
ff 01 c0 1c  7f 00 7f f0  07 1f c7 f0  00 f1 c0 f0  07 fc 7f 1f  c0 1f f0 e1  f0 00 00 00  00 00 00 00  
00 00 00 00  00 00 00 00  00 00 00 1d  76 30 00 36  00 01 00 00  00 00 00 fe  38 0f f8 0e  3f 01 ff 01  
c0 1e 3f 00  3f e0 07 1f  c7 e0 00 e3  80 e0 07 fe  3f 1f 80 1f  f8 e3 f8 00  00 00 00 00  00 00 00 00  
00 00 00 00  00 00 00 00  00 1d 76 30  00 36 00 01  00 00 00 00  00 7e 38 1f  f8 1e 3f 01  ff 01 c0 1c  
3f 00 3f f0  07 1f c7 f0  00 71 c0 70  07 fc 7f 1f  c0 1f f1 f1  f0 00 00 00  00 00 00 00  00 00 00 00  
00 00 00 00  00 00 00 1d  76 30 00 36  00 01 00 00  00 00 00 fe  38 0f f8 0e  3f 01 ff 01  c0 0e 3f 00  
3f e0 07 0f  c7 e0 00 e3  c0 e0 07 fc  3f 1f 80 1f  f8 e3 f8 00  00 00 00 00  00 00 00 00  00 00 00 00  
00 00 00 00  00 1d 76 30  00 36 00 01  00 00 00 00  00 7c 3c 1f  fc 1c 3f 01  ff 01 c0 1c  7f 00 7f f0  
07 1f c7 f0  00 f1 c0 f0  07 fc 7f 1f  c0 1f f0 e1  f0 00 00 00  00 00 00 00  00 00 00 00  00 00 00 00  
00 00 00 1d  76 30 00 36  00 01 00 00  00 00 00 fe  38 0f f8 0e  3f 01 ff 03  c0 0e 3f 00  3f e0 07 1f  
c7 e0 00 e3  80 e0 07 fe  3f 1f 80 1f  f8 e3 f8 00  00 00 00 00  00 00 00 00  00 00 00 00  00 00 00 00  
00 1d 76 30  00 36 00 01  00 00 00 00  00 7e 38 1f  78 1e 3f 01  7f 01 40 1c  3f 00 3f 70  07 1f 47 70  
00 71 40 70  07 7c 7f 1f  40 1f 71 71  70 00 00 00  00 00 00 00  00 00 00 00  00 00 00 00  00 00 00 1d  
76 30 00 36  00 01 00 00  00 00 00 fe  38 0f f8 0e  3f 01 ff 01  c0 0e 3f 00  3f e0 07 1f  c7 e0 00 e3  
c0 e0 07 fc  3f 1f 80 1f  f8 e3 f8 00  00 00 00 00  00 00 00 00  00 00 00 00  00 00 00 00  00 1d 76 30  
00 36 00 01  00 00 00 00  00 7c 3c 1f  fc 1c 3f 01  ff 01 c0 1c  7f 00 7f f0  07 1f c7 f0  00 f1 c0 f0  
07 fc 7f 1f  c0 1f f0 e1  f0 00 00 00  00 00 00 00  00 00 00 00  00 00 00 00  00 00 00 1d  76 30 00 36  
00 01 00 00  00 00 00 fe  38 0f f8 0e  3f 01 ff 01  c0 1e 3f 00  3f e0 07 1f  c7 e0 00 e3  80 e0 07 fe  
3f 1f 80 1f  f8 e3 f8 00  00 00 00 00  00 00 00 00  00 00 00 00  00 00 00 00  00 1d 76 30  00 36 00 01  
00 00 00 00  00 7e 38 1f  f8 1e 3f 01  ff 01 c0 1c  3f 00 3f f0  07 1f c7 f0  00 71 c0 70  07 fc 7f 1f  
c0 1f f1 f1  f0 00 00 00  00 00 00 00  00 00 00 00  00 00 00 00  00 00 00 1d  76 30 00 36  00 01 00 00  
00 00 00 fe  38 0f f8 0e  3f 01 ff 01  c0 0e 3f 00  3f e0 07 0f  c7 e0 00 e3  c0 e0 07 fc  3f 1f 80 1f  
f8 e3 f8 00  00 00 00 00  00 00 00 00  00 00 00 00  00 00 00 00  00 1d 76 30  00 36 00 01  00 00 00 00  
00 7c 3c 1f  fc 1c 3f 01  ff 01 c0 1c  7f 00 7f f0  07 1f c7 f0  00 f1 c0 f0  07 fc 7f 1f  c0 1f f0 e1  
f0 00 00 00  00 00 00 00  00 00 00 00  00 00 00 00  00 00 00 1d  76 30 00 36  00 01 00 00  00 00 00 fe  
38 0f f8 0e  3f 01 ff 03  c0 0e 3f 00  3f e0 07 1f  c7 e0 00 e3  80 e0 07 fe  3f 1f 80 1f  f8 e3 f8 00  
00 00 00 00  00 00 00 00  00 00 00 00  00 00 00 00  00 1d 76 30  00 36 00 01  00 00 00 00  00 7e 38 1f  
78 1e 3f 01  7f 01 40 1c  3f 00 3f 70  07 1f 47 70  00 71 40 70  07 7c 7f 1f  40 1f 71 71  70 00 00 00  
00 00 00 00  00 00 00 00  00 00 00 00  00 00 00 1d  76 30 00 36  00 01 00 00  00 00 00 fe  38 0f f8 0e  
3f 01 ff 01  c0 0e 3f 00  3f e0 07 1f  c7 e0 00 e3  c0 e0 07 fc  3f 1f 80 1f  f8 e3 f8 00  00 00 00 00  
00 00 00 00  00 00 00 00  00 00 00 00  00 1d 76 30  00 36 00 01  00 00 00 00  00 7c 3c 1f  fc 1c 3f 01  
ff 01 c0 1c  7f 00 7f f0  07 1f c7 f0  00 f1 c0 f0  07 fc 7f 1f  c0 1f f0 e1  f0 00 00 00  00 00 00 00  
00 00 00 00  00 00 00 00  00 00 00 1d  76 30 00 36  00 01 00 00  00 00 00 fe  38 0f f8 0e  3f 01 ff 01  
c0 1e 3f 00  3f e0 07 1f  c7 e0 00 e3  80 e0 07 fe  3f 1f 80 1f  f8 e3 f8 00  00 00 00 00  00 00 00 00  
00 00 00 00  00 00 00 00  00 1d 76 30  00 36 00 01  00 00 00 00  00 7e 38 1f  f8 1e 3f 01  ff 01 c0 1c  
3f 00 3f f0  07 1f c7 f0  00 71 c0 70  07 fc 7f 1f  c0 1f f1 f1  f0 00 00 00  00 00 00 00  00 00 00 00  
00 00 00 00  00 00 00 1d  76 30 00 36  00 01 00 00  00 00 00 fe  38 0f f8 0e  3f 01 ff 01  c0 0e 3f 00  
3f e0 07 0f  c7 e0 00 e3  c0 e0 07 fc  3f 1f 80 1f  f8 e3 f8 00  00 00 00 00  00 00 00 00  00 00 00 00  
00 00 00 00  00 1d 76 30  00 36 00 01  00 00 00 00  00 7c 3c 1f  fc 1c 3f 01  ff 01 c0 1c  7f 00 7f f0  
07 1f c7 f0  00 f1 c0 f0  07 fc 7f 1f  c0 1f f0 e1  f0 00 00 00  00 00 00 00  00 00 00 00  00 00 00 00  
00 00 00 1d  76 30 00 36  00 01 00 00  00 00 00 fe  38 0f f8 0e  3f 01 ff 03  c0 0e 3f 00  3f e0 07 1f  
c7 e0 00 e3  80 e0 07 fe  3f 1f 80 1f  f8 e3 f8 00  00 00 00 00  00 00 00 00  00 00 00 00  00 00 00 00  
00 1d 76 30  00 36 00 01  00 00 00 00  00 7e 38 1f  78 1e 3f 01  7f 01 40 1c  3f 00 3f 70  07 1f 47 70  
00 71 40 70  07 7c 7f 1f  40 1f 71 71  70 00 00 00  00 00 00 00  00 00 00 00  00 00 00 00  00 00 00 1d  
76 30 00 36  00 01 00 00  00 00 00 fe  38 0f f8 0e  3f 01 ff 01  c0 0e 3f 00  3f e0 07 1f  c7 e0 00 e3  
c0 e0 07 fc  3f 1f 80 1f  f8 e3 f8 00  00 00 00 00  00 00 00 00  00 00 00 00  00 00 00 00  00 1d 76 30  
00 36 00 01  00 00 00 00  00 7c 3c 1f  fc 1c 3f 01  ff 01 c0 1c  7f 00 7f f0  07 1f c7 f0  00 f1 c0 f0  
07 fc 7f 1f  c0 1f f0 e1  f0 00 00 00  00 00 00 00  00 00 00 00  00 00 00 00  00 00 00 1d  76 30 00 36  
00 01 00 00  00 00 00 fe  38 0f f8 0e  3f 01 ff 01  c0 1e 3f 00  3f e0 07 1f  c7 e0 00 e3  80 e0 07 fe  
3f 1f 80 1f  f8 e3 f8 00  00 00 00 00  00 00 00 00  00 00 00 00  00 00 00 00  00 1d 76 30  00 36 00 01  
00 00 00 00  00 7e 38 1f  f8 1e 3f 01  ff 01 c0 1c  3f 00 3f f0  07 1f c7 f0  00 71 c0 70  07 fc 7f 1f  
c0 1f f1 f1  f0 00 00 00  00 00 00 00  00 00 00 00  00 00 00 00  00 00 00 1d  76 30 00 36  00 01 00 00  
00 00 00 fe  38 0f f8 0e  3f 01 ff 01  c0 0e 3f 00  3f e0 07 0f  c7 e0 00 e3  c0 e0 07 fc  3f 1f 80 1f  
f8 e3 f8 00  00 00 00 00  00 00 00 00  00 00 00 00  00 00 00 00  00 1d 76 30  00 36 00 01  00 00 00 00  
00 7c 3c 1f  fc 1c 3f 01  ff 01 c0 1c  7f 00 7f f0  07 1f c7 f0  00 f1 c0 f0  07 fc 7f 1f  c0 1f f0 e1  
f0 00 00 00  00 00 00 00  00 00 00 00  00 00 00 00  00 00 00 1d  76 30 00 36  00 01 00 00  00 00 00 fe  
38 0f f8 0e  3f 01 ff 03  c0 0e 3f 00  3f e0 07 1f  c7 e0 00 e3  80 e0 07 fe  3f 1f 80 1f  f8 e3 f8 00  
00 00 00 00  00 00 00 00  00 00 00 00  00 00 00 00  00 1d 76 30  00 36 00 01  00 00 00 00  00 7e 38 1f  
78 1e 3f 01  7f 01 40 1c  3f 00 3f 70  07 1f 47 70  00 71 40 70  07 7c 7f 1f  40 1f 71 71  70 00 00 00  
00 00 00 00  00 00 00 00  00 00 00 00  00 00 00 1d  76 30 00 36  00 01 00 00  00 00 00 fe  38 0f f8 0e  
3f 01 ff 01  c0 0e 3f 00  3f e0 07 1f  c7 e0 00 e3  c0 e0 07 fc  3f 1f 80 1f  f8 e3 f8 00  00 00 00 00  
00 00 00 00  00 00 00 00  00 00 00 00  00 1d 76 30  00 36 00 01  00 00 00 00  00 7c 3c 1f  fc 1c 3f 01  
ff 01 c0 1c  7f 00 7f f0  07 1f c7 f0  00 f1 c0 f0  07 fc 7f 1f  c0 1f f0 e1  f0 00 00 00  00 00 00 00  
00 00 00 00  00 00 00 00  00 00 00 1d  76 30 00 36  00 01 00 00  00 00 00 fe  38 0f f8 0e  3f 01 ff 01  
c0 1e 3f 00  3f e0 07 1f  c7 e0 00 e3  80 e0 07 fe  3f 1f 80 1f  f8 e3 f8 00  00 00 00 00  00 00 00 00  
00 00 00 00  00 00 00 00  00 1d 76 30  00 36 00 01  00 00 00 00  00 7e 38 1f  f8 1e 3f 01  ff 01 c0 1c  
3f 00 3f f0  07 1f c7 f0  00 71 c0 70  07 fc 7f 1f  c0 1f f1 f1  f0 00 00 00  00 00 00 00  00 00 00 00  
00 00 00 00  00 00 00 1d  76 30 00 36  00 01 00 00  00 00 00 fe  38 0f f8 0e  3f 01 ff 01  c0 0e 3f 00  
3f e0 07 0f  c7 e0 00 e3  c0 e0 07 fc  3f 1f 80 1f  f8 e3 f8 00  00 00 00 00  00 00 00 00  00 00 00 00  
00 00 00 00  00 1d 76 30  00 36 00 01  00 00 00 00  00 7c 3c 1f  fc 1c 3f 01  ff 01 c0 1c  7f 00 7f f0  
07 1f c7 f0  00 f1 c0 f0  07 fc 7f 1f  c0 1f f0 e1  f0 00 00 00  00 00 00 00  00 00 00 00  00 00 00 00  
00 00 00 1d  76 30 00 36  00 01 00 00  00 00 00 fe  38 0f f8 0e  3f 01 ff 03  c0 0e 3f 00  3f e0 07 1f  
c7 e0 00 e3  80 e0 07 fe  3f 1f 80 1f  f8 e3 f8 00  00 00 00 00  00 00 00 00  00 00 00 00  00 00 00 00  
00 1d 76 30  00 36 00 01  00 00 00 00  00 7e 38 1f  78 1e 3f 01  7f 01 40 1c  3f 00 3f 70  07 1f 47 70  
00 71 40 70  07 7c 7f 1f  40 1f 71 71  70 00 00 00  00 00 00 00  00 00 00 00  00 00 00 00  00 00 00 1d  
76 30 00 36  00 01 00 00  00 00 00 fe  38 0f f8 0e  3f 01 ff 01  c0 0e 3f 00  3f e0 07 1f  c7 e0 00 e3  
c0 e0 07 fc  3f 1f 80 1f  f8 e3 f8 00  00 00 00 00  00 00 00 00  00 00 00 00  00 00 00 00  00 1d 76 30  
00 36 00 01  00 00 00 00  00 7c 3c 1f  fc 1c 3f 01  ff 01 c0 1c  7f 00 7f f0  07 1f c7 f0  00 f1 c0 f0  
07 fc 7f 1f  c0 1f f0 e1  f0 00 00 00  00 00 00 00  00 00 00 00  00 00 00 00  00 00 00 1d  76 30 00 36  
00 01 00 00  00 00 00 fe  38 0f f8 0e  3f 01 ff 01  c0 1e 3f 00  3f e0 07 1f  c7 e0 00 e3  80 e0 07 fe  
3f 1f 80 1f  f8 e3 f8 00  00 00 00 00  00 00 00 00  00 00 00 00  00 00 00 00  00 1d 76 30  00 36 00 01  
00 00 00 00  00 7e 38 1f  f8 1e 3f 01  ff 01 c0 1c  3f 00 3f f0  07 1f c7 f0  00 71 c0 70  07 fc 7f 1f  
c0 1f f1 f1  f0 00 00 00  00 00 00 00  00 00 00 00  00 00 00 00  00 00 00 1d  76 30 00 36  00 01 00 00  
00 00 00 fe  38 0f f8 0e  3f 01 ff 01  c0 0e 3f 00  3f e0 07 0f  c7 e0 00 e3  c0 e0 07 fc  3f 1f 80 1f  
f8 e3 f8 00  00 00 00 00  00 00 00 00  00 00 00 00  00 00 00 00  00 1d 76 30  00 36 00 01  00 00 00 00  
00 7c 3c 1f  fc 1c 3f 01  ff 01 c0 1c  7f 00 7f f0  07 1f c7 f0  00 f1 c0 f0  07 fc 7f 1f  c0 1f f0 e1  
f0 00 00 00  00 00 00 00  00 00 00 00  00 00 00 00  00 00 00 1d  76 30 00 36  00 01 00 00  00 00 00 fe  
38 0f f8 0e  3f 01 ff 03  c0 0e 3f 00  3f e0 07 1f  c7 e0 00 e3  80 e0 07 fe  3f 1f 80 1f  f8 e3 f8 00  
00 00 00 00  00 00 00 00  00 00 00 00  00 00 00 00  00 1d 76 30  00 36 00 01  00 00 00 00  00 7e 38 1f  
78 1e 3f 01  7f 01 40 1c  3f 00 3f 70  07 1f 47 70  00 71 40 70  07 7c 7f 1f  40 1f 71 71  70 00 00 00  
00 00 00 00  00 00 00 00  00 00 00 00  00 00 00 1d  76 30 00 36  00 01 00 00  00 00 00 fe  38 0f f8 0e  
3f 01 ff 01  c0 0e 3f 00  3f e0 07 1f  c7 e0 00 e3  c0 e0 07 fc  3f 1f 80 1f  f8 e3 f8 00  00 00 00 00  
00 00 00 00  00 00 00 00  00 00 00 00  00 1d 76 30  00 36 00 01  00 00 00 00  00 7c 3c 1f  fc 1c 3f 01  
ff 01 c0 1c  7f 00 7f f0  07 1f c7 f0  00 f1 c0 f0  07 fc 7f 1f  c0 1f f0 e1  f0 00 00 00  00 00 00 00  
00 00 00 00  00 00 00 00  00 00 00 1d  76 30 00 36  00 01 00 00  00 00 00 fe  38 0f f8 0e  3f 01 ff 01  
c0 1e 3f 00  3f e0 07 1f  c7 e0 00 e3  80 e0 07 fe  3f 1f 80 1f  f8 e3 f8 00  00 00 00 00  00 00 00 00  
00 00 00 00  00 00 00 00  00 1d 76 30  00 36 00 01  00 00 00 00  00 7e 38 1f  f8 1e 3f 01  ff 01 c0 1c  
3f 00 3f f0  07 1f c7 f0  00 71 c0 70  07 fc 7f 1f  c0 1f f1 f1  f0 00 00 00  00 00 00 00  00 00 00 00  
00 00 00 00  00 00 00 1d  76 30 00 36  00 01 00 00  00 00 00 fe  38 0f f8 0e  3f 01 ff 01  c0 0e 3f 00  
3f e0 07 0f  c7 e0 00 e3  c0 e0 07 fc  3f 1f 80 1f  f8 e3 f8 00  00 00 00 00  00 00 00 00  00 00 00 00  
00 00 00 00  00 1d 76 30  00 36 00 01  00 00 00 00  00 7c 3c 1f  fc 1c 3f 01  ff 01 c0 1c  7f 00 7f f0  
07 1f c7 f0  00 f1 c0 f0  07 fc 7f 1f  c0 1f f0 e1  f0 00 00 00  00 00 00 00  00 00 00 00  00 00 00 00  
00 00 00 1d  76 30 00 36  00 01 00 00  00 00 00 fe  38 0f f8 0e  3f 01 ff 03  c0 0e 3f 00  3f e0 07 1f  
c7 e0 00 e3  80 e0 07 fe  3f 1f 80 1f  f8 e3 f8 00  00 00 00 00  00 00 00 00  00 00 00 00  00 00 00 00  
00 1d 76 30  00 36 00 01  00 00 00 00  00 7e 38 1f  78 1e 3f 01  7f 01 40 1c  3f 00 3f 70  07 1f 47 70  
00 71 40 70  07 7c 7f 1f  40 1f 71 71  70 00 00 00  00 00 00 00  00 00 00 00  00 00 00 00  00 00 00 1d  
76 30 00 36  00 01 00 00  00 00 00 fe  38 0f f8 0e  3f 01 ff 01  c0 0e 3f 00  3f e0 07 1f  c7 e0 00 e3  
c0 e0 07 fc  3f 1f 80 1f  f8 e3 f8 00  00 00 00 00  00 00 00 00  00 00 00 00  00 00 00 00  00 1d 76 30  
00 36 00 01  00 00 00 00  00 7c 3c 1f  fc 1c 3f 01  ff 01 c0 1c  7f 00 7f f0  07 1f c7 f0  00 f1 c0 f0  
07 fc 7f 1f  c0 1f f0 e1  f0 00 00 00  00 00 00 00  00 00 00 00  00 00 00 00  00 00 00 1d  76 30 00 36  
00 01 00 00  00 00 00 fe  38 0f f8 0e  3f 01 ff 01  c0 1e 3f 00  3f e0 07 1f  c7 e0 00 e3  80 e0 07 fe  
3f 1f 80 1f  f8 e3 f8 00  00 00 00 00  00 00 00 00  00 00 00 00  00 00 00 00  00 1d 76 30  00 36 00 01  
00 00 00 00  00 7e 38 1f  f8 1e 3f 01  ff 01 c0 1c  3f 00 3f f0  07 1f c7 f0  00 71 c0 70  07 fc 7f 1f  
c0 1f f1 f1  f0 00 00 00  00 00 00 00  00 00 00 00  00 00 00 00  00 00 00 1d  76 30 00 36  00 01 00 00  
00 00 00 fe  38 0f f8 0e  3f 01 ff 01  c0 0e 3f 00  3f e0 07 0f  c7 e0 00 e3  c0 e0 07 fc  3f 1f 80 1f  
f8 e3 f8 00  00 00 00 00  00 00 00 00  00 00 00 00  00 00 00 00  00 1d 76 30  00 36 00 01  00 00 00 00  
00 7c 3c 1f  fc 1c 3f 01  ff 01 c0 1c  7f 00 7f f0  07 1f c7 f0  00 f1 c0 f0  07 fc 7f 1f  c0 1f f0 e1  
f0 00 00 00  00 00 00 00  00 00 00 00  00 00 00 00  00 00 00 1d  76 30 00 36  00 01 00 00  00 00 00 fe  
38 0f f8 0e  3f 01 ff 03  c0 0e 3f 00  3f e0 07 1f  c7 e0 00 e3  80 e0 07 fe  3f 1f 80 1f  f8 e3 f8 00  
00 00 00 00  00 00 00 00  00 00 00 00  00 00 00 00  00 1d 76 30  00 36 00 01  00 00 00 00  00 7e 38 1f  
78 1e 3f 01  7f 01 40 1c  3f 00 3f 70  07 1f 47 70  00 71 40 70  07 7c 7f 1f  40 1f 71 71  70 00 00 00  
00 00 00 00  00 00 00 00  00 00 00 00  00 00 00 1d  76 30 00 36  00 01 00 00  00 00 00 fe  38 0f f8 0e  
3f 01 ff 01  c0 0e 3f 00  3f e0 07 1f  c7 e0 00 e3  c0 e0 07 fc  3f 1f 80 1f  f8 e3 f8 00  00 00 00 00  
00 00 00 00  00 00 00 00  00 00 00 00  00 1d 76 30  00 36 00 01  00 00 00 00  00 7c 3c 1f  fc 1c 3f 01  
ff 01 c0 1c  7f 00 7f f0  07 1f c7 f0  00 f1 c0 f0  07 fc 7f 1f  c0 1f f0 e1  f0 00 00 00  00 00 00 00  
00 00 00 00  00 00 00 00  00 00 00 1d  76 30 00 36  00 01 00 00  00 00 00 fe  38 0f f8 0e  3f 01 ff 01  
c0 1e 3f 00  3f e0 07 1f  c7 e0 00 e3  80 e0 07 fe  3f 1f 80 1f  f8 e3 f8 00  00 00 00 00  00 00 00 00  
00 00 00 00  00 00 00 00  00 1d 76 30  00 36 00 01  00 00 00 00  00 7e 38 1f  f8 1e 3f 01  ff 01 c0 1c  
3f 00 3f f0  07 1f c7 f0  00 71 c0 70  07 fc 7f 1f  c0 1f f1 f1  f0 00 00 00  00 00 00 00  00 00 00 00  
00 00 00 00  00 00 00 1d  76 30 00 36  00 01 00 00  00 00 00 fe  38 0f f8 0e  3f 01 ff 01  c0 0e 3f 00  
3f e0 07 0f  c7 e0 00 e3  c0 e0 07 fc  3f 1f 80 1f  f8 e3 f8 00  00 00 00 00  00 00 00 00  00 00 00 00  
00 00 00 00  00 1d 76 30  00 36 00 01  00 00 00 00  00 7c 3c 1f  fc 1c 3f 01  ff 01 c0 1c  7f 00 7f f0  
07 1f c7 f0  00 f1 c0 f0  07 fc 7f 1f  c0 1f f0 e1  f0 00 00 00  00 00 00 00  00 00 00 00  00 00 00 00  
00 00 00 1d  76 30 00 36  00 01 00 00  00 00 00 fe  38 0f f8 0e  3f 01 ff 03  c0 0e 3f 00  3f e0 07 1f  
c7 e0 00 e3  80 e0 07 fe  3f 1f 80 1f  f8 e3 f8 00  00 00 00 00  00 00 00 00  00 00 00 00  00 00 00 00  
00 1d 76 30  00 36 00 01  00 00 00 00  00 7e 38 1f  78 1e 3f 01  7f 01 40 1c  3f 00 3f 70  07 1f 47 70  
00 71 40 70  07 7c 7f 1f  40 1f 71 71  70 00 00 00  00 00 00 00  00 00 00 00  00 00 00 00  00 00 00 1d  
76 30 00 36  00 01 00 00  00 00 00 fe  38 0f f8 0e  3f 01 ff 01  c0 0e 3f 00  3f e0 07 1f  c7 e0 00 e3  
c0 e0 07 fc  3f 1f 80 1f  f8 e3 f8 00  00 00 00 00  00 00 00 00  00 00 00 00  00 00 00 00  00 1d 76 30  
00 36 00 01  00 00 00 00  00 7c 3c 1f  fc 1c 3f 01  ff 01 c0 1c  7f 00 7f f0  07 1f c7 f0  00 f1 c0 f0  
07 fc 7f 1f  c0 1f f0 e1  f0 00 00 00  00 00 00 00  00 00 00 00  00 00 00 00  00 00 00 1d  76 30 00 36  
00 01 00 00  00 00 00 fe  38 0f f8 0e  3f 01 ff 01  c0 1e 3f 00  3f e0 07 1f  c7 e0 00 e3  80 e0 07 fe  
3f 1f 80 1f  f8 e3 f8 00  00 00 00 00  00 00 00 00  00 00 00 00  00 00 00 00  00 1d 76 30  00 36 00 01  
00 00 00 00  00 7e 38 1f  f8 1e 3f 01  ff 01 c0 1c  3f 00 3f f0  07 1f c7 f0  00 71 c0 70  07 fc 7f 1f  
c0 1f f1 f1  f0 00 00 00  00 00 00 00  00 00 00 00  00 00 00 00  00 00 00 1d  76 30 00 36  00 01 00 00  
00 00 00 fe  38 0f f8 0e  3f 01 ff 01  c0 0e 3f 00  3f e0 07 0f  c7 e0 00 e3  c0 e0 07 fc  3f 1f 80 1f  
f8 e3 f8 00  00 00 00 00  00 00 00 00  00 00 00 00  00 00 00 00  00 1d 76 30  00 36 00 01  00 00 00 00  
00 7c 3c 1f  fc 1c 3f 01  ff 01 c0 1c  7f 00 7f f0  07 1f c7 f0  00 f1 c0 f0  07 fc 7f 1f  c0 1f f0 e1  
f0 00 00 00  00 00 00 00  00 00 00 00  00 00 00 00  00 00 00 1d  76 30 00 36  00 01 00 00  00 00 00 fe  
38 0f f8 0e  3f 01 ff 03  c0 0e 3f 00  3f e0 07 1f  c7 e0 00 e3  80 e0 07 fe  3f 1f 80 1f  f8 e3 f8 00  
00 00 00 00  00 00 00 00  00 00 00 00  00 00 00 00  00 1d 76 30  00 36 00 01  00 00 00 00  00 7e 38 1f  
78 1e 3f 01  7f 01 40 1c  3f 00 3f 70  07 1f 47 70  00 71 40 70  07 7c 7f 1f  40 1f 71 71  70 00 00 00  
00 00 00 00  00 00 00 00  00 00 00 00  00 00 00 1d  76 30 00 36  00 01 00 00  00 00 00 fe  38 0f f8 0e  
3f 01 ff 01  c0 0e 3f 00  3f e0 07 1f  c7 e0 00 e3  c0 e0 07 fc  3f 1f 80 1f  f8 e3 f8 00  00 00 00 00  
00 00 00 00  00 00 00 00  00 00 00 00  00 1d 76 30  00 36 00 01  00 00 00 00  00 7c 3c 1f  fc 1c 3f 01  
ff 01 c0 1c  7f 00 7f f0  07 1f c7 f0  00 f1 c0 f0  07 fc 7f 1f  c0 1f f0 e1  f0 00 00 00  00 00 00 00  
00 00 00 00  00 00 00 00  00 00 00 1b  4a 03 1d 76  30 00 36 00  01 00 00 00  00 00 00 00  00 00 00 00  
00 00 00 00  05 50 05 40  01 40 55 40  15 01 55 01  54 00 00 00  00 00 00 00  00 00 00 00  00 00 00 00  
00 00 00 00  00 00 00 00  00 00 00 00  1d 76 30 00  36 00 01 00  00 00 00 00  00 00 00 00  00 00 00 00  
00 20 07 38  0e e0 01 e0  7b a0 3b 03  ab 83 bc 00  00 00 00 00  00 00 00 00  00 00 00 00  00 00 00 00  
00 00 00 00  00 00 00 00  00 00 1d 76  30 00 36 00  01 00 00 00  00 00 00 00  00 00 00 00  00 00 01 60  
07 18 1c 70  01 60 50 00  71 40 01 03  14 00 00 00  00 00 00 00  00 00 00 00  00 00 00 00  00 00 00 00  
00 00 00 00  00 00 00 00  1d 76 30 00  36 00 01 00  00 00 00 00  00 00 00 00  00 00 00 00  00 e0 0c 08  
18 38 03 e0  40 00 60 c0  03 82 0e 00  00 00 00 00  00 00 00 00  00 00 00 00  00 00 00 00  00 00 00 00  
00 00 00 00  00 00 1d 76  30 00 36 00  01 00 00 00  00 00 00 00  00 00 00 00  00 00 00 60  1c 0c 10 18  
07 c0 40 00  c1 40 07 06  07 00 00 00  00 00 00 00  00 00 00 00  00 00 00 00  00 00 00 00  00 00 00 00  
00 00 00 00  1d 76 30 00  36 00 01 00  00 00 00 00  00 00 00 00  00 00 00 00  00 60 18 0c  30 18 03 e0  
60 00 c0 00  02 06 02 00  00 00 00 00  00 00 00 00  00 00 00 00  00 00 00 00  00 00 00 00  00 00 00 00  
00 00 1d 76  30 00 36 00  01 00 00 00  00 00 00 00  00 00 00 00  00 00 00 60  14 0c 00 10  05 e0 40 01  
80 00 07 06  07 00 00 00  00 00 00 00  00 00 00 00  00 00 00 00  00 00 00 00  00 00 00 00  00 00 00 00  
1d 76 30 00  36 00 01 00  00 00 00 00  00 00 00 00  00 00 00 00  00 60 00 0c  00 10 08 e0  c0 01 80 00  
06 06 06 00  00 00 00 00  00 00 00 00  00 00 00 00  00 00 00 00  00 00 00 00  00 00 00 00  00 00 1d 76  
30 00 36 00  01 00 00 00  00 00 00 00  00 00 00 00  00 00 00 60  00 18 00 70  1d c0 47 01  dc 00 04 06  
04 00 00 00  00 00 00 00  00 00 00 00  00 00 00 00  00 00 00 00  00 00 00 00  00 00 00 00  1d 76 30 00  
36 00 01 00  00 00 00 00  00 00 00 00  00 00 00 00  00 60 00 18  00 60 18 e0  ff c1 bf 80  0e 03 0e 00  
00 00 00 00  00 00 00 00  00 00 00 00  00 00 00 00  00 00 00 00  00 00 00 00  00 00 1d 76  30 00 36 00  
01 00 00 00  00 00 00 00  00 00 00 00  00 00 00 60  00 38 01 40  11 60 71 41  71 00 04 01  70 00 00 00  
00 00 00 00  00 00 00 00  00 00 00 00  00 00 00 00  00 00 00 00  00 00 00 00  1d 76 30 00  36 00 01 00  
00 00 00 00  00 00 00 00  00 00 00 00  00 60 00 70  01 e0 38 e0  c0 61 c0 c0  0e 01 f8 00  00 00 00 00  
00 00 00 00  00 00 00 00  00 00 00 00  00 00 00 00  00 00 00 00  00 00 1d 76  30 00 36 00  01 00 00 00  
00 00 00 00  00 00 00 00  00 00 00 60  00 60 00 70  71 c0 40 41  c1 c0 1c 03  04 00 00 00  00 00 00 00  
00 00 00 00  00 00 00 00  00 00 00 00  00 00 00 00  00 00 00 00  1d 76 30 00  36 00 01 00  00 00 00 00  
00 00 00 00  00 00 00 00  00 60 00 c0  00 18 60 e0  00 61 80 c0  18 06 02 00  00 00 00 00  00 00 00 00  
00 00 00 00  00 00 00 00  00 00 00 00  00 00 00 00  00 00 1d 76  30 00 36 00  01 00 00 00  00 00 00 00  
00 00 00 00  00 00 00 60  01 00 00 18  41 e0 00 61  81 c0 1c 06  07 00 00 00  00 00 00 00  00 00 00 00  
00 00 00 00  00 00 00 00  00 00 00 00  00 00 00 00  1d 76 30 00  36 00 01 00  00 00 00 00  00 00 00 00  
00 00 00 00  00 60 03 80  00 18 ff f8  00 61 80 c0  38 0e 06 00  00 00 00 00  00 00 00 00  00 00 00 00  
00 00 00 00  00 00 00 00  00 00 00 00  00 00 1d 76  30 00 36 00  01 00 00 00  00 00 00 00  00 00 00 00  
00 00 00 60  07 00 50 18  ff f9 40 41  81 c0 10 1e  07 00 00 00  00 00 00 00  00 00 00 00  00 00 00 00  
00 00 00 00  00 00 00 00  00 00 00 00  1d 76 30 00  36 00 01 00  00 00 00 00  00 00 00 00  00 00 00 00  
00 60 06 00  38 18 23 e0  c0 60 80 80  30 0e 02 00  00 00 00 00  00 00 00 00  00 00 00 00  00 00 00 00  
00 00 00 00  00 00 00 00  00 00 1d 76  30 00 36 00  01 00 00 00  00 00 00 00  00 00 00 00  00 00 00 60  
14 00 10 18  01 60 41 40  41 40 10 06  07 00 00 00  00 00 00 00  00 00 00 00  00 00 00 00  00 00 00 00  
00 00 00 00  00 00 00 00  1d 76 30 00  36 00 01 00  00 00 00 00  00 00 00 00  00 00 00 00  00 60 08 00  
38 38 00 e0  e1 c0 e1 80  30 06 06 00  00 00 00 00  00 00 00 00  00 00 00 00  00 00 00 00  00 00 00 00  
00 00 00 00  00 00 1d 76  30 00 36 00  01 00 00 00  00 00 00 00  00 00 00 00  00 00 00 60  1d 54 1d 70  
01 c0 75 c0  75 00 70 07  5c 00 00 00  00 00 00 00  00 00 00 00  00 00 00 00  00 00 00 00  00 00 00 00  
00 00 00 00  1d 76 30 00  36 00 01 00  00 00 00 00  00 00 00 00  00 00 00 00  00 60 3f fc  0b a0 00 e0  
3f 00 3e 00  60 03 f8 00  00 00 00 00  00 00 00 00  00 00 00 00  00 00 00 00  00 00 00 00  00 00 00 00  
00 00 1d 76  30 00 36 00  01 00 00 00  00 00 00 00  00 00 00 00  00 00 00 40  15 54 01 00  01 40 04 00  
04 00 70 00  70 00 00 00  00 00 00 00  00 00 00 00  00 00 00 00  00 00 00 00  00 00 00 00  00 00 00 00  
0a 0a 0a 0a                                                                                             
1b 6d                                                                                                   

1b 40 1b 4a  4a 1d 76 30  00 36 00 01  00 00 00 00  00 00 00 00  00 00 00 00  00 00 00 00  00 00 00 00  
00 00 00 00  00 00 00 00  00 00 00 00  00 01 55 55  55 50 50 05  40 15 55 55  55 00 00 00  00 00 00 00  
00 00 00 1d  76 30 00 36  00 01 00 00  00 00 00 00  00 00 00 00  00 00 00 00  00 00 00 00  00 00 00 00  
00 00 00 00  00 00 00 00  00 00 00 03  ff ff ff f0  f8 07 80 3f  ff ff ff 00  00 00 00 00  00 00 00 00  
00 1d 76 30  00 36 00 01  00 00 00 00  00 00 00 00  00 00 00 00  00 00 00 00  00 00 00 00  00 00 00 00  
00 00 00 00  00 00 00 00  00 01 ff ff  ff f0 70 07  c0 3f ff ff  ff 00 00 00  00 00 00 00  00 00 00 1d  
76 30 00 36  00 01 00 00  00 00 00 00  00 00 00 02  22 22 20 02  20 22 22 22  00 00 00 00  00 00 00 00  
00 00 00 00  00 00 00 03  ff ff ff f0  f8 07 80 3f  ff ff ff 00  00 00 00 00  00 00 00 00  00 1d 76 30  
00 36 00 01  00 00 00 00  00 00 00 00  00 07 7f 7f  60 07 7c 7f  7f 7f 00 00  00 00 00 00  00 00 00 00  
00 00 00 00  00 01 75 55  55 70 75 05  50 3d 55 55  5f 00 00 00  00 00 00 00  00 00 00 1d  76 30 00 36  
00 01 00 00  00 00 00 00  00 00 00 07  ff ff e0 0f  fc 7f ff ff  00 00 00 00  00 00 00 00  00 00 00 00  
00 00 00 03  e0 00 00 f0  ff 80 7c 3c  00 00 0f 00  00 00 00 00  00 00 00 00  00 1d 76 30  00 36 00 01  
00 00 00 00  00 00 00 00  00 07 55 55  e0 47 5c 7d  55 5f 00 00  00 00 00 00  00 00 00 00  00 00 00 00  
00 01 c0 00  00 f0 7f 80  7c 3c 00 00  1f 00 00 00  00 00 00 00  00 00 00 1d  76 30 00 36  00 01 00 00  
00 00 00 00  00 00 00 07  00 00 e3 ff  1c 38 00 0f  00 00 00 00  00 00 00 00  00 00 00 00  00 00 00 03  
e0 00 00 f0  ff 80 38 3c  00 00 1f 00  00 00 00 00  00 00 00 00  00 1d 76 30  00 36 00 01  00 00 00 00  
00 00 00 00  00 07 00 01  e3 ff 1c 70  00 07 00 00  00 00 00 00  00 00 00 00  00 00 00 00  00 01 c1 11  
11 f0 77 11  7c 3c 11 10  1f 00 00 00  00 00 00 00  00 00 00 1d  76 30 00 36  00 01 00 00  00 00 00 00  
00 00 00 0f  00 00 e3 ff  1c 78 00 0f  00 00 00 00  00 00 00 00  00 00 00 00  00 00 00 03  e1 ff e0 f0  
f8 7f fc 3c  3f fe 0f 00  00 00 00 00  00 00 00 00  00 1d 76 30  00 36 00 01  00 00 00 00  00 00 00 00  
00 07 1f f1  e0 07 fc 71  ff c7 00 00  00 00 00 00  00 00 00 00  00 00 00 00  00 01 c1 ff  f0 f0 70 7f  
fc 3c 1f ff  1f 00 00 00  00 00 00 00  00 00 00 1d  76 30 00 36  00 01 00 00  00 00 00 00  00 00 00 07  
1f f8 e0 07  fc 38 ff 8f  00 00 00 00  00 00 00 00  00 00 00 00  00 00 00 03  e1 ff f0 f0  f8 7f f8 3c  
3f fe 0f 00  00 00 00 00  00 00 00 00  00 1d 76 30  00 36 00 01  00 00 00 00  00 00 00 00  00 07 1f 71  
60 07 7c 71  7f 47 00 00  00 00 00 00  00 00 00 00  00 00 00 00  00 01 41 7f  71 70 70 7f  7c 3c 1f 7f  
1f 00 00 00  00 00 00 00  00 00 00 1d  76 30 00 36  00 01 00 00  00 00 00 00  00 00 00 07  1f f8 e3 f8  
1c 78 ff 8f  00 00 00 00  00 00 00 00  00 00 00 00  00 00 00 03  e1 ff e0 f0  f8 7f 80 3c  3f fe 0f 00  
00 00 00 00  00 00 00 00  00 1d 76 30  00 36 00 01  00 00 00 00  00 00 00 00  00 07 1f f1  e1 f0 1c 71  
ff c7 00 00  00 00 00 00  00 00 00 00  00 00 00 00  00 01 c1 ff  f0 f0 70 7f  c0 3c 1f fe  1f 00 00 00  
00 00 00 00  00 00 00 1d  76 30 00 36  00 01 00 00  00 00 00 00  00 00 00 07  1f f8 e3 f8  1c 38 ff 8f  
00 00 00 00  00 00 00 00  00 00 00 00  00 00 00 03  e1 ff f0 f0  f8 7f 80 3c  3f fe 1f 00  00 00 00 00  
00 00 00 00  00 1d 76 30  00 36 00 01  00 00 00 00  00 00 00 00  00 07 1f f1  e1 70 1c 71  ff c7 00 00  
00 00 00 00  00 00 00 00  00 00 00 00  00 01 c1 ff  f1 f0 70 7f  c0 3c 1f ff  1f 00 00 00  00 00 00 00  
00 00 00 1d  76 30 00 36  00 01 00 00  00 00 00 00  00 00 00 0f  1f f8 e0 78  1c 78 ff 8f  00 00 00 00  
00 00 00 00  00 00 00 00  00 00 00 03  e1 ff e0 f0  00 0f 80 3c  3f fe 0f 00  00 00 00 00  00 00 00 00  
00 1d 76 30  00 36 00 01  00 00 00 00  00 00 00 00  00 07 1f f1  e0 70 1c 71  ff c7 00 00  00 00 00 00  
00 00 00 00  00 00 00 00  00 01 c1 ff  f0 f0 00 07  c0 3c 1f ff  1f 00 00 00  00 00 00 00  00 00 00 1d  
76 30 00 36  00 01 00 00  00 00 00 00  00 00 00 07  1b b0 e2 30  38 38 bb 8f  00 00 00 00  00 00 00 00  
00 00 00 00  00 00 00 03  e1 ff f0 f0  00 07 80 3c  3f fe 0f 00  00 00 00 00  00 00 00 00  00 1d 76 30  
00 36 00 01  00 00 00 00  00 00 00 00  00 07 00 01  63 41 60 70  00 07 00 00  00 00 00 00  00 00 00 00  
00 00 00 00  00 01 41 7f  71 70 00 07  40 3c 1f 7f  1f 00 00 00  00 00 00 00  00 00 00 1d  76 30 00 36  
00 01 00 00  00 00 00 00  00 00 00 07  00 00 e3 80  e0 78 00 0f  00 00 00 00  00 00 00 00  00 00 00 00  
00 00 00 03  e1 ff e0 f0  00 07 80 3c  3f fe 0f 00  00 00 00 00  00 00 00 00  00 1d 76 30  00 36 00 01  
00 00 00 00  00 00 00 00  00 07 55 55  e1 c5 54 75  55 47 00 00  00 00 00 00  00 00 00 00  00 00 00 00  
00 01 c0 00  00 f0 70 07  fc 3c 00 00  1f 00 00 00  00 00 00 00  00 00 00 1d  76 30 00 36  00 01 00 00  
00 00 00 00  00 00 00 07  ff ff e3 87  1c 3f ff ff  00 00 00 00  00 00 00 00  00 00 00 00  00 00 00 03  
e0 00 00 f0  f8 07 f8 3c  00 00 1f 00  00 00 00 00  00 00 00 00  00 1d 76 30  00 36 00 01  00 00 00 00  
00 00 00 00  00 07 ff ff  e3 c7 1c 7f  ff ff 00 00  00 00 00 00  00 00 00 00  00 00 00 00  00 01 c0 00  
01 f0 70 07  fc 3c 00 00  1f 00 00 00  00 00 00 00  00 00 00 1d  76 30 00 36  00 01 00 00  00 00 00 00  
00 00 00 07  ff ff e3 8f  1c 7f ff ff  00 00 00 00  00 00 00 00  00 00 00 00  00 00 00 03  e0 00 00 f0  
f8 07 fc 3c  00 00 0f 00  00 00 00 00  00 00 00 00  00 1d 76 30  00 36 00 01  00 00 00 00  00 00 00 00  
00 00 00 00  00 70 00 00  00 00 00 00  00 00 00 00  00 00 00 00  00 00 00 00  00 01 ff ff  ff f0 70 7c  
7c 3f ff ff  ff 00 00 00  00 00 00 00  00 00 00 1d  76 30 00 36  00 01 00 00  00 00 00 00  00 00 00 00  
00 00 00 38  00 00 00 00  00 00 00 00  00 00 00 00  00 00 00 00  00 00 00 03  ff ff ff f0  f8 78 38 3f  
ff ff ff 00  00 00 00 00  00 00 00 00  00 1d 76 30  00 36 00 01  00 00 00 00  00 00 00 00  00 00 00 00  
00 70 00 00  00 00 00 00  00 00 00 00  00 00 00 00  00 00 00 00  00 01 7f 7f  7f 70 70 78  7c 3f 7f 7f  
7f 00 00 00  00 00 00 00  00 00 00 1d  76 30 00 36  00 01 00 00  00 00 00 00  00 00 00 07  ff f8 ff 80  
e3 8e 1c 78  00 00 00 00  00 00 00 00  00 00 00 00  00 00 00 03  ff ff ff f0  f8 78 7c 3f  ff ff ff 00  
00 00 00 00  00 00 00 00  00 1d 76 30  00 36 00 01  00 00 00 00  00 00 00 00  00 07 ff f1  ff c1 e1 c7  
1c 70 00 00  00 00 00 00  00 00 00 00  00 00 00 00  00 01 55 55  55 50 45 7c  7c 15 55 55  54 00 00 00  
00 00 00 00  00 00 00 1d  76 30 00 36  00 01 00 00  00 00 00 00  00 00 00 07  ff f8 ff 80  e3 87 1c 30  
00 00 00 00  00 00 00 00  00 00 00 00  00 00 00 00  00 00 00 00  07 f8 38 00  00 00 00 00  00 00 00 00  
00 00 00 00  00 1d 76 30  00 36 00 01  00 00 00 00  00 00 00 00  00 07 ff f1  5d 05 f7 d5  1d 75 00 00  
00 00 00 00  00 00 00 00  00 00 00 00  00 00 00 00  00 00 07 f8  7c 00 00 00  00 00 00 00  00 00 00 00  
00 00 00 1d  76 30 00 36  00 01 00 00  00 00 00 00  00 00 00 0f  ff f8 1c 0f  ff f8 1f ff  00 00 00 00  
00 00 00 00  00 00 00 00  00 00 00 00  00 00 00 00  0f f8 7c 00  00 00 00 00  00 00 00 00  00 00 00 00  
00 1d 76 30  00 36 00 01  00 00 00 00  00 00 00 00  00 07 ff f0  1c 07 ff f0  1f ff 00 00  00 00 00 00  
00 00 00 00  00 00 00 00  00 01 54 01  55 50 05 50  54 01 41 55  55 00 00 00  00 00 00 00  00 00 00 1d  
76 30 00 36  00 01 00 00  00 00 00 00  00 00 00 07  be a0 aa 87  3f 7a 1f af  00 00 00 00  00 00 00 00  
00 00 00 00  00 00 00 03  fe 01 ff f0  00 00 00 03  e3 ff ff 00  00 00 00 00  00 00 00 00  00 1d 76 30  
00 36 00 01  00 00 00 00  00 00 00 00  00 07 1c 01  63 47 1c 7f  1c 07 00 00  00 00 00 00  00 00 00 00  
00 00 00 00  00 01 7e 01  7f 70 00 00  00 03 41 7f  7f 00 00 00  00 00 00 00  00 00 00 1d  76 30 00 36  
00 01 00 00  00 00 00 00  00 00 00 07  1c 00 e3 8f  1c 7f 1c 0f  00 00 00 00  00 00 00 00  00 00 00 00  
00 00 00 03  fe 00 ff f0  00 00 00 03  e1 ff ff 00  00 00 00 00  00 00 00 00  00 1d 76 30  00 36 00 01  
00 00 00 00  00 00 00 00  00 05 5c 55  55 c5 5d 7d  15 57 00 00  00 00 00 00  00 00 00 00  00 00 00 00  
00 01 5d 55  f5 50 05 05  41 41 c1 ff  55 00 00 00  00 00 00 00  00 00 00 1d  76 30 00 36  00 01 00 00  
00 00 00 00  00 00 00 00  fc 3f 1f 80  ff f8 03 ff  00 00 00 00  00 00 00 00  00 00 00 00  00 00 00 00  
3f ff f0 00  07 87 83 c3  e1 fe 00 00  00 00 00 00  00 00 00 00  00 1d 76 30  00 36 00 01  00 00 00 00  
00 00 00 00  00 01 fc 7f  1f c1 ff f0  03 ff 00 00  00 00 00 00  00 00 00 00  00 00 00 00  00 00 1f ff  
f0 00 07 07  c7 c3 c1 ff  00 00 00 00  00 00 00 00  00 00 00 1d  76 30 00 36  00 01 00 00  00 00 00 00  
00 00 00 00  fc 3f 1f 80  ff f8 03 ff  00 00 00 00  00 00 00 00  00 00 00 00  00 00 00 00  1f ff e0 00  
0f 87 83 c3  c1 fe 00 00  00 00 00 00  00 00 00 00  00 1d 76 30  00 36 00 01  00 00 00 00  00 00 00 00  
00 00 00 71  ff f0 1c 07  00 70 00 00  00 00 00 00  00 00 00 00  00 00 00 00  00 00 1f ff  f0 00 07 07  
c7 c1 c1 ff  00 00 00 00  00 00 00 00  00 00 00 1d  76 30 00 36  00 01 00 00  00 00 00 00  00 00 00 00  
00 38 ff f8  1c 0f 00 38  00 00 00 00  00 00 00 00  00 00 00 00  00 00 00 03  fe 1f f0 f0  00 00 03 ff  
e0 1e 0f 00  00 00 00 00  00 00 00 00  00 1d 76 30  00 36 00 01  00 00 00 00  00 00 00 00  00 00 00 71  
7f 70 1c 07  00 70 00 00  00 00 00 00  00 00 00 00  00 00 00 00  00 01 7e 1f  71 70 00 00  07 7f 40 1f  
1f 00 00 00  00 00 00 00  00 00 00 1d  76 30 00 36  00 01 00 00  00 00 00 00  00 00 00 00  00 00 03 8f  
1c 0f 03 80  00 00 00 00  00 00 00 00  00 00 00 00  00 00 00 03  fe 1f e0 f0  00 00 03 ff  e0 1e 0f 00  
00 00 00 00  00 00 00 00  00 1d 76 30  00 36 00 01  00 00 00 00  00 00 00 00  00 00 00 00  01 c7 1c 07  
03 c0 00 00  00 00 00 00  00 00 00 00  00 00 00 00  00 01 fc 1f  f0 f0 00 00  07 ff c0 1e  1f 00 00 00  
00 00 00 00  00 00 00 1d  76 30 00 36  00 01 00 00  00 00 00 00  00 00 00 00  00 00 03 87  1c 0f 03 80  
00 00 00 00  00 00 00 00  00 00 00 00  00 00 00 03  ff fe 00 0f  f8 03 80 3f  e1 e1 ff 00  00 00 00 00  
00 00 00 00  00 1d 76 30  00 36 00 01  00 00 00 00  00 00 00 00  00 05 55 55  43 c7 51 45  55 05 00 00  
00 00 00 00  00 00 00 00  00 00 00 00  00 01 ff ff  00 07 f0 07  c0 3f c1 e1  ff 00 00 00  00 00 00 00  
00 00 00 1d  76 30 00 36  00 01 00 00  00 00 00 00  00 00 00 0f  ff ff e3 8f  e3 80 fc 0f  00 00 00 00  
00 00 00 00  00 00 00 00  00 00 00 03  ff fe 00 0f  f8 07 80 3f  c1 e1 ff 00  00 00 00 00  00 00 00 00  
00 1d 76 30  00 36 00 01  00 00 00 00  00 00 00 00  00 07 ff ff  e3 c7 e3 c1  fc 07 00 00  00 00 00 00  
00 00 00 00  00 00 00 00  00 01 ff ff  00 0f f0 07  c0 3f c1 e1  ff 00 00 00  00 00 00 00  00 00 00 1d  
76 30 00 36  00 01 00 00  00 00 00 00  00 00 00 07  2a 2b e2 2a  22 83 eb 8f  00 00 00 00  00 00 00 00  
00 00 00 00  00 00 00 02  3f fe 00 af  ab 02 83 be  2a 20 3f 00  00 00 00 00  00 00 00 00  00 1d 76 30  
00 36 00 01  00 00 00 00  00 00 00 00  00 07 00 01  60 70 00 07  63 47 00 00  00 00 00 00  00 00 00 00  
00 00 00 00  00 00 1f 7f  01 7f 07 00  07 7c 1c 00  1f 00 00 00  00 00 00 00  00 00 00 1d  76 30 00 36  
00 01 00 00  00 00 00 00  00 00 00 07  00 00 e0 78  00 0f e3 8f  00 00 00 00  00 00 00 00  00 00 00 00  
00 00 00 00  3f fe 00 ff  87 80 03 fc  3e 00 0f 00  00 00 00 00  00 00 00 00  00 1d 76 30  00 36 00 01  
00 00 00 00  00 00 00 00  00 07 15 51  e1 70 41 45  f7 c5 00 00  00 00 00 00  00 00 00 00  00 00 00 00  
00 00 1f ff  00 ff 07 80  07 fc 1c 00  1f 00 00 00  00 00 00 00  00 00 00 1d  76 30 00 36  00 01 00 00  
00 00 00 00  00 00 00 07  1f f8 e3 f8  e3 80 ff 80  00 00 00 00  00 00 00 00  00 00 00 00  00 00 00 00  
3f fe 00 ff  07 80 03 fe  3e 00 1f 00  00 00 00 00  00 00 00 00  00 1d 76 30  00 36 00 01  00 00 00 00  
00 00 00 00  00 07 1f f1  e3 f1 e3 c1  ff c0 00 00  00 00 00 00  00 00 00 00  00 00 00 00  00 00 00 00  
00 00 70 00  00 3f c0 1f  ff 00 00 00  00 00 00 00  00 00 00 1d  76 30 00 36  00 01 00 00  00 00 00 00  
00 00 00 0f  1f f8 e3 f8  e3 80 ff 80  00 00 00 00  00 00 00 00  00 00 00 00  00 00 00 00  00 00 00 00  
f8 00 00 3f  c0 1f ff 00  00 00 00 00  00 00 00 00  00 1d 76 30  00 36 00 01  00 00 00 00  00 00 00 00  
00 07 1f f1  e1 c7 ff ff  1f c0 00 00  00 00 00 00  00 00 00 00  00 00 00 00  00 00 00 00  00 00 70 00  
00 3f c0 1f  ff 00 00 00  00 00 00 00  00 00 00 1d  76 30 00 36  00 01 00 00  00 00 00 00  00 00 00 07  
1f f8 e3 87  ff ff 1f 80  00 00 00 00  00 00 00 00  00 00 00 00  00 00 00 00  00 00 00 00  f8 00 00 3f  
e0 1f ff 00  00 00 00 00  00 00 00 00  00 1d 76 30  00 36 00 01  00 00 00 00  00 00 00 00  00 07 1f 71  
63 47 7f 7f  1f 40 00 00  00 00 00 00  00 00 00 00  00 00 00 00  00 01 7f 7f  7f 70 00 00  7f 43 40 1f  
00 00 00 00  00 00 00 00  00 00 00 1d  76 30 00 36  00 01 00 00  00 00 00 00  00 00 00 07  1f f8 e3 80  
1c 7f 1f 80  00 00 00 00  00 00 00 00  00 00 00 00  00 00 00 03  ff ff ff f0  00 00 7f c3  e0 1e 00 00  
00 00 00 00  00 00 00 00  00 1d 76 30  00 36 00 01  00 00 00 00  00 00 00 00  00 07 1f f1  e1 c0 1c 7f  
1f c0 00 00  00 00 00 00  00 00 00 00  00 00 00 00  00 01 ff ff  ff f0 00 00  7f c1 c0 1e  00 00 00 00  
00 00 00 00  00 00 00 1d  76 30 00 36  00 01 00 00  00 00 00 00  00 00 00 07  1f f8 e3 80  1c 3f 1f 80  
00 00 00 00  00 00 00 00  00 00 00 00  00 00 00 03  ff ff ff f0  00 00 3f c3  e0 1e 00 00  00 00 00 00  
00 00 00 00  00 1d 76 30  00 36 00 01  00 00 00 00  00 00 00 00  00 07 11 11  e3 f1 7f 7f  13 f0 00 00  
00 00 00 00  00 00 00 00  00 00 00 00  00 01 d1 11  11 f0 77 70  11 01 17 50  17 00 00 00  00 00 00 00  
00 00 00 1d  76 30 00 36  00 01 00 00  00 00 00 00  00 00 00 0f  00 00 e3 f8  ff ff 03 f8  00 00 00 00  
00 00 00 00  00 00 00 00  00 00 00 03  e0 00 00 f0  ff f8 00 00  3f e0 0f 00  00 00 00 00  00 00 00 00  
00 1d 76 30  00 36 00 01  00 00 00 00  00 00 00 00  00 07 00 00  e1 f1 ff ff  03 f0 00 00  00 00 00 00  
00 00 00 00  00 00 00 00  00 01 c0 00  00 f0 7f fc  00 00 1f e0  1f 00 00 00  00 00 00 00  00 00 00 1d  
76 30 00 36  00 01 00 00  00 00 00 00  00 00 00 07  bb bb e3 f8  3e 2f 03 a0  00 00 00 00  00 00 00 00  
00 00 00 00  00 00 00 03  e0 00 00 f0  ff f8 00 00  3f e0 1f 00  00 00 00 00  00 00 00 00  00 1d 76 30  
00 36 00 01  00 00 00 00  00 00 00 00  00 07 7f 7f  63 70 1c 07  03 00 00 00  00 00 00 00  00 00 00 00  
00 00 00 00  00 01 41 55  51 70 7f 55  00 01 55 75  55 00 00 00  00 00 00 00  00 00 00 1d  76 30 00 36  
00 01 00 00  00 00 00 00  00 00 00 07  ff ff e3 f8  1c 0f 03 80  00 00 00 00  00 00 00 00  00 00 00 00  
00 00 00 03  e1 ff f0 f0  ff 87 80 03  c1 ff e0 00  00 00 00 00  00 00 00 00  00 1d 76 30  00 36 00 01  
00 00 00 00  00 00 00 00  00 05 55 55  41 50 14 05  01 40 00 00  00 00 00 00  00 00 00 00  00 00 00 00  
00 01 c1 ff  f0 f0 7f 87  c0 01 c1 ff  f0 00 00 00  00 00 00 00  00 00 00 1d  76 30 00 36  00 01 00 00  
00 00 00 00  00 00 00 00  00 00 00 00  00 00 00 00  00 00 00 00  00 00 00 00  00 00 00 00  00 00 00 03  
e1 ff f0 f0  ff 87 80 03  e1 ff e0 00  00 00 00 00  00 00 00 00  00 1d 76 30  00 36 00 01  00 00 00 00  
00 00 00 00  00 00 00 00  00 00 00 00  00 00 00 00  00 00 00 00  00 00 00 00  00 00 00 00  00 01 c1 ff  
f1 f0 57 17  c1 03 c1 ff  f1 00 00 00  00 00 00 00  00 00 00 1d  76 30 00 36  00 01 00 00  00 00 00 00  
00 00 00 00  00 00 00 00  00 00 00 00  00 00 00 00  00 00 00 00  00 00 00 00  00 00 00 03  e1 ff e0 f0  
07 ff 83 c3  c1 ff ff 00  00 00 00 00  00 00 00 00  00 1d 76 30  00 36 00 01  00 00 00 00  00 00 00 00  
00 00 00 00  00 00 00 00  00 00 00 00  00 00 00 00  00 00 00 00  00 00 00 00  00 01 c1 ff  f0 f0 07 ff  
c7 c1 c1 ff  ff 00 00 00  00 00 00 00  00 00 00 1d  76 30 00 36  00 01 00 00  00 00 00 00  00 00 00 00  
00 00 00 00  00 00 00 00  00 00 00 00  00 00 00 00  00 00 00 00  00 00 00 03  e1 ff f0 f0  07 ff 83 c3  
e3 ff ff 00  00 00 00 00  00 00 00 00  00 1d 76 30  00 36 00 01  00 00 00 00  00 00 00 00  00 00 00 00  
00 00 00 00  00 00 00 00  00 00 00 00  00 00 00 00  00 00 00 00  00 01 41 7f  71 70 07 7f  47 43 41 7f  
7f 00 00 00  00 00 00 00  00 00 00 1d  76 30 00 36  00 01 00 00  00 00 00 00  00 00 00 00  00 00 00 00  
00 00 00 00  00 00 00 00  00 00 00 00  00 00 00 00  00 00 00 03  e1 ff e0 f0  07 f8 00 3f  fe 00 00 00  
00 00 00 00  00 00 00 00  00 1d 76 30  00 36 00 01  00 00 00 00  00 00 00 00  00 00 00 00  00 00 00 00  
00 00 00 00  00 00 00 00  00 00 00 00  00 00 00 00  00 01 c1 ff  f0 f0 07 fc  00 3f fc 00  00 00 00 00  
00 00 00 00  00 00 00 1d  76 30 00 36  00 01 00 00  00 00 00 00  00 00 00 00  00 00 00 00  00 00 00 00  
00 00 00 00  00 00 00 00  00 00 00 00  00 00 00 03  e1 ff f0 f0  07 f8 00 3f  fe 00 00 00  00 00 00 00  
00 00 00 00  00 1d 76 30  00 36 00 01  00 00 00 00  00 00 00 00  00 00 00 00  00 00 00 00  00 00 00 00  
00 00 00 00  00 00 00 00  00 00 00 00  00 01 c1 ff  f1 f0 07 f8  00 3f fc 00  00 00 00 00  00 00 00 00  
00 00 00 1d  76 30 00 36  00 01 00 00  00 00 00 00  00 00 00 00  00 00 00 00  00 00 00 00  00 00 00 00  
00 00 00 00  00 00 00 00  00 00 00 03  e0 00 00 f0  ff 80 38 3c  01 e1 e0 00  00 00 00 00  00 00 00 00  
00 1d 76 30  00 36 00 01  00 00 00 00  00 00 00 00  00 00 00 00  00 00 00 00  00 00 00 00  00 00 00 00  
00 00 00 00  00 00 00 00  00 01 c0 00  00 f0 7f 80  7c 3c 01 e1  f0 00 00 00  00 00 00 00  00 00 00 1d  
76 30 00 36  00 01 00 00  00 00 00 00  00 00 00 00  00 00 00 00  00 00 00 00  00 00 00 00  00 00 00 00  
00 00 00 00  00 00 00 03  e0 00 00 f0  ff 80 38 3c  03 e1 e0 00  00 00 00 00  00 00 00 00  00 1d 76 30  
00 36 00 01  00 00 00 00  00 00 00 00  00 00 00 00  00 00 00 00  00 00 00 00  00 00 00 00  00 00 00 00  
00 00 00 00  00 01 40 00  01 70 7f 00  7c 3c 01 61  70 00 00 00  00 00 00 00  00 00 00 1d  76 30 00 36  
00 01 00 00  00 00 00 00  00 00 00 00  00 00 00 00  00 00 00 00  00 00 00 00  00 00 00 00  00 00 00 00  
00 00 00 03  ea aa aa f0  ff a8 7e a8  00 ab fa 00  00 00 00 00  00 00 00 00  00 1d 76 30  00 36 00 01  
00 00 00 00  00 00 00 00  00 00 00 00  00 00 00 00  00 00 00 00  00 00 00 00  00 00 00 00  00 00 00 00  
00 01 ff ff  ff f0 7f fc  7f c0 00 1f  ff 00 00 00  00 00 00 00  00 00 00 1d  76 30 00 36  00 01 00 00  
00 00 00 00  00 00 00 00  00 00 00 00  00 00 00 00  00 00 00 00  00 00 00 00  00 00 00 00  00 00 00 03  
ff ff ff f0  ff f8 3f c0  00 1f ff 00  00 00 00 00  00 00 00 00  00 1d 76 30  00 36 00 01  00 00 00 00  
00 00 00 00  00 00 00 00  00 00 00 00  00 00 00 00  00 00 00 00  00 00 00 00  00 00 00 00  00 01 ff ff  
ff f0 7f f8  7f c0 00 1f  ff 00 00 00  00 00 00 00  00 00 00 1d  76 30 00 36  00 01 00 00  00 00 00 00  
00 00 00 00  00 00 00 00  00 00 00 00  00 00 00 00  00 00 00 00  00 00 00 00  00 00 00 03  ff ff ff f0  
ff f8 3f c0  00 1f fe 00  00 00 00 00  00 00 00 00  00 1b 4a 3f  1d 76 30 00  36 00 01 00  00 00 00 00  
00 00 00 00  00 00 00 00  00 00 00 00  00 00 00 00  00 00 00 00  00 00 00 00  00 00 00 00  00 00 00 00  
00 00 00 00  08 00 00 00  00 00 00 00  00 00 00 00  00 00 1d 76  30 00 36 00  01 00 00 00  00 00 00 00  
00 00 00 00  00 00 00 00  00 00 00 00  00 00 00 00  00 00 00 00  00 00 00 00  00 00 00 00  05 05 50 00  
00 00 1c 00  00 00 00 00  00 00 00 00  00 00 00 00  1d 76 30 00  36 00 01 00  00 00 00 00  00 00 00 00  
00 00 00 00  00 00 00 00  00 00 00 00  00 00 00 00  00 00 00 00  00 00 00 00  00 00 0f 83  f8 00 00 00  
18 00 00 00  00 00 00 00  00 00 00 00  00 00 1d 76  30 00 36 00  01 00 00 00  00 00 00 00  00 00 00 00  
00 00 00 00  01 00 00 00  00 00 00 00  00 00 00 00  00 00 00 00  00 00 00 00  37 47 5c 00  00 00 18 00  
00 00 00 00  00 00 00 00  00 00 00 00  1d 76 30 00  36 00 01 00  00 00 00 00  00 00 00 00  00 00 00 00  
00 00 01 80  00 00 00 00  00 00 00 00  00 00 00 00  00 00 00 00  00 00 30 e3  0c 00 00 00  18 00 00 00  
00 00 00 00  00 00 00 00  00 00 1d 76  30 00 36 00  01 00 00 00  00 00 00 00  00 00 01 f0  7f 80 00 00  
01 00 00 00  00 00 00 00  00 00 00 00  00 00 00 00  00 00 00 00  60 77 0c 1f  8f 01 d8 7c  00 00 00 00  
00 00 00 00  00 00 00 00  1d 76 30 00  36 00 01 00  00 00 00 00  00 00 00 00  03 fc 3f c0  00 00 03 80  
00 00 00 00  00 00 00 00  00 00 00 00  00 00 00 00  00 00 60 33  0c 3f 9f 83  f8 ff 00 00  00 00 00 00  
00 00 00 00  00 00 1d 76  30 00 36 00  01 00 00 00  00 00 00 00  00 00 07 04  71 c0 00 00  01 00 00 00  
00 00 00 00  00 00 00 00  00 00 00 00  00 00 00 00  70 77 f8 71  39 c7 19 c7  00 00 00 00  00 00 00 00  
00 00 00 00  1d 76 30 00  36 00 01 00  00 00 00 00  00 00 00 00  0e 06 20 c1  f8 f0 39 87  c0 00 00 00  
00 00 00 00  00 00 00 00  00 00 00 00  00 00 60 23  f0 20 30 ee  19 ff 00 00  00 00 00 00  00 00 00 00  
00 00 1d 76  30 00 36 00  01 00 00 00  00 00 00 00  00 00 04 07  71 c1 f1 f8  7f 0f f0 00  00 00 00 00  
00 00 00 00  00 00 00 00  00 00 00 00  60 77 3c 70  30 44 1d c0  00 00 00 00  00 00 00 00  00 00 00 00  
1d 76 30 00  36 00 01 00  00 00 00 00  00 00 00 00  06 06 3f 87  1b 9c e3 98  20 00 00 00  00 00 00 00  
00 00 00 00  00 00 00 00  00 00 30 e3  1c 38 b8 e6  19 e1 00 00  00 00 00 00  00 00 00 00  00 00 1d 76  
30 00 36 00  01 00 00 00  00 00 00 00  00 00 06 07  7f 07 17 1c  41 1f 70 00  00 00 00 00  00 00 00 00  
00 00 00 00  00 00 00 00  37 47 1f 17  1f 47 79 77  00 00 00 00  00 00 00 00  00 00 00 00  1d 76 30 00  
36 00 01 00  00 00 00 00  00 00 00 00  0e 06 63 86  03 0c c1 98  00 00 00 00  00 00 00 00  00 00 00 00  
00 00 00 00  00 00 0f 83  07 0f 8f 83  d8 7e 00 00  00 00 00 00  00 00 00 00  00 00 1d 76  30 00 36 00  
01 00 00 00  00 00 00 00  00 00 07 04  71 c7 17 0c  41 1c 10 00  00 00 00 00  00 00 00 00  00 00 00 00  
00 00 00 00  05 01 05 05  05 01 50 54  00 00 00 00  00 00 00 00  00 00 00 00  1d 76 30 00  36 00 01 00  
00 00 00 00  00 00 00 00  03 bc 30 e3  bb b8 7b 8f  a0 00 00 00  00 00 00 00  00 00 00 00  00 00 00 00  
00 00 03 a0  00 00 00 00  00 00 00 00  00 00 00 00  00 00 00 00  00 00 1d 76  30 00 36 00  01 00 00 00  
00 00 00 00  00 00 01 f4  70 71 f1 f0  7d 07 d0 00  00 00 00 00  00 00 00 00  00 00 00 00  00 00 00 00  
01 f0 00 00  00 00 00 00  00 00 00 00  00 00 00 00  00 00 00 00  1d 76 30 00  36 00 01 00  00 00 00 00  
00 00 00 00  00 b0 20 20  a0 a0 28 82  80 00 00 00  00 00 00 00  00 00 00 00  00 00 00 00  00 00 00 a0  
00 00 00 00  00 00 00 00  00 00 00 00  00 00 00 00  00 00 1d 76  30 00 36 00  01 00 00 00  00 00 00 00  
00 00 00 34  00 00 00 00  00 00 00 00  00 00 00 00  00 00 00 00  00 00 00 00  00 00 00 00  00 00 00 00  
00 00 00 00  00 00 00 00  00 00 00 00  00 00 00 00  1d 76 30 00  36 00 01 00  00 00 00 00  00 00 00 00  
00 3e 00 00  00 00 00 00  00 00 00 00  00 00 00 00  00 00 00 00  00 00 00 00  00 00 00 00  00 00 00 00  
00 00 00 00  00 00 00 00  00 00 00 00  00 00 1d 76  30 00 36 00  01 00 00 00  00 00 00 00  00 00 00 15  
00 00 00 00  00 00 00 00  00 00 00 00  00 00 00 00  00 00 00 00  00 00 00 00  00 00 00 00  00 00 00 00  
00 00 00 00  00 00 00 00  00 00 00 00  1b 4a 03 1d  76 30 00 36  00 01 00 00  00 00 00 00  00 00 00 00  
00 00 00 00  00 00 00 00  00 00 00 00  00 00 00 00  00 00 00 00  00 00 00 00  00 00 00 00  00 00 00 01  
c7 00 00 00  00 00 00 00  00 00 00 00  00 1d 76 30  00 36 00 01  00 00 00 00  00 00 00 00  00 00 00 00  
00 00 00 00  00 00 00 00  00 00 00 00  00 00 00 00  00 00 00 00  00 00 00 00  00 00 00 00  00 01 c3 80  
00 00 00 00  00 00 00 00  00 00 00 1d  76 30 00 36  00 01 00 00  00 00 00 00  00 00 00 00  00 00 00 00  
00 00 00 00  00 00 00 00  00 00 00 00  00 00 00 00  00 00 00 00  00 1f c0 1f  c0 00 00 01  c7 00 00 00  
00 00 00 00  00 00 00 00  00 1d 76 30  00 36 00 01  00 00 00 00  00 00 00 00  00 00 00 00  00 00 00 00  
00 00 00 00  00 00 00 00  00 00 00 00  00 00 00 00  00 00 00 3f  f0 3f e0 00  00 00 03 80  00 00 00 00  
00 00 00 00  00 00 00 1d  76 30 00 36  00 01 00 00  00 00 00 00  00 00 00 00  00 00 00 00  00 01 04 00  
00 00 00 00  00 00 00 00  00 00 00 00  00 00 00 00  00 31 70 71  70 00 00 00  07 00 00 00  00 00 00 00  
00 00 00 00  00 1d 76 30  00 36 00 01  00 00 00 00  00 00 00 00  00 00 00 02  07 f8 00 01  8c 00 00 00  
00 00 00 00  00 00 00 00  00 00 00 00  00 00 00 00  78 70 e0 ef  0f 80 c3 80  00 00 00 00  00 00 00 00  
00 00 00 1d  76 30 00 36  00 01 00 00  00 00 00 00  00 00 00 00  00 04 07 f0  00 01 0c 00  00 00 00 00  
00 00 00 00  00 00 00 00  00 00 00 00  00 00 70 70  70 ff df c1  c7 00 00 00  00 00 00 00  00 00 00 00  
00 1d 76 30  00 36 00 01  00 00 00 00  00 00 00 00  00 00 00 3e  06 20 00 00  0c 00 00 00  00 00 00 00  
00 00 00 00  00 00 00 00  00 00 00 00  38 e0 38 f3  f3 e1 e3 80  00 00 00 00  00 00 00 00  00 00 00 1d  
76 30 00 36  00 01 00 00  00 00 00 00  00 00 00 00  00 1c 07 01  10 51 1c 00  00 00 00 00  00 00 00 00  
00 00 00 00  00 00 00 00  00 00 71 f0  71 f1 d1 e1  c7 00 00 00  00 00 00 00  00 00 00 00  00 1d 76 30  
00 36 00 01  00 00 00 00  00 00 00 00  00 00 00 0e  07 81 fe f1  8c 00 00 00  00 00 00 00  00 00 00 00  
00 00 00 00  00 00 00 00  f0 e0 38 e1  c0 e1 c3 80  00 00 00 00  00 00 00 00  00 00 00 1d  76 30 00 36  
00 01 00 00  00 00 00 00  00 00 00 00  00 04 07 d1  d7 51 0c 00  00 00 00 00  00 00 00 00  00 00 00 00  
00 00 00 00  00 01 70 e0  71 e1 c1 e1  c7 00 00 00  00 00 00 00  00 00 00 00  00 1d 76 30  00 36 00 01  
00 00 00 00  00 00 00 00  00 00 00 06  03 bb 86 3b  8c 00 00 00  00 00 00 00  00 00 00 00  00 00 00 00  
00 00 00 01  e0 e0 38 e1  e0 e1 e3 80  00 00 00 00  00 00 00 00  00 00 00 1d  76 30 00 36  00 01 00 00  
00 00 00 00  00 00 00 00  00 04 00 11  07 11 0c 00  00 00 00 00  00 00 00 00  00 00 00 00  00 00 00 00  
00 07 41 60  71 61 41 61  47 00 00 00  00 00 00 00  00 00 00 00  00 1d 76 30  00 36 00 01  00 00 00 00  
00 00 00 00  00 00 00 0e  00 39 86 39  8c 00 00 00  00 00 00 00  00 00 00 00  00 00 00 00  00 00 00 07  
80 e0 78 e1  e0 e1 e3 80  00 00 00 00  00 00 00 00  00 00 00 1d  76 30 00 36  00 01 00 00  00 00 00 00  
00 00 00 00  00 14 05 51  87 11 0c 00  00 00 00 00  00 00 00 00  00 00 00 00  00 00 00 00  00 1d 00 70  
70 e1 c1 e1  c7 00 00 00  00 00 00 00  00 00 00 00  00 1d 76 30  00 36 00 01  00 00 00 00  00 00 00 00  
00 00 00 3f  87 e1 86 3b  8c 00 00 00  00 00 00 00  00 00 00 00  00 00 00 00  00 00 00 3e  00 70 e0 e1  
e0 e1 e3 80  00 00 00 00  00 00 00 00  00 00 00 1d  76 30 00 36  00 01 00 00  00 00 00 00  00 00 00 00  
00 17 07 41  07 11 04 00  00 00 00 00  00 00 00 00  00 00 00 00  00 00 00 00  00 3f fc 3f  c1 e1 c1 e1  
c7 00 00 00  00 00 00 00  00 00 00 00  00 1d 76 30  00 36 00 01  00 00 00 00  00 00 00 00  00 00 00 00  
00 00 00 00  00 00 00 00  00 00 00 00  00 00 00 00  00 00 00 00  00 00 00 3f  fc 1f 80 e1  c0 e1 c3 80  
00 00 00 00  00 00 00 00  00 00 00 0a  0a 0a 0a 0a                                                      
1b 6d                                                                                                   
