02 00 92 00 00 00 00 00 00 00 00 00 02 00 92 00 80 01 81
1254
02 00 92 00 00 00 00 00 00 00 00 00 02 00 92 00 80 02 82
1254
02 00 92 00 00 00 00 00 00 00 00 00 02 00 92 00 80 03 83
1254
02 00 92 00 00 00 00 00 00 00 00 00 02 00 92 00 80 04 84
1254
02 00 92 00 00 00 00 00 00 00 00 00 02 00 92 00 80 05 85
1254
02 00 92 00 00 00 00 00 00 00 00 00 02 00 92 00 80 06 86
1254
02 00 92 00 00 00 00 00 00 00 00 00 02 00 92 00 80 07 87
1254
02 00 92 00 00 00 00 00 00 00 00 00 02 00 92 00 80 08 88
1254
02 00 92 00 00 00 00 00 00 00 00 00 02 00 92 00 80 04 84