1b 40 1b 4a  6e 1d 76 30  00 48 00 01  00 80 00 00  00 00 00 00  00 00 00 00  00 00 00 00  00 00 00 00  
00 00 00 00  00 00 00 00  00 00 00 00  00 00 00 00  00 00 00 00  00 00 00 00  00 00 00 00  00 00 00 00  
00 00 00 00  00 00 00 00  00 00 00 00  00 00 00 00  00 00 00 00  04 1d 76 30  00 48 00 01  00 80 00 00  
00 00 00 00  00 00 00 00  00 00 00 00  00 00 00 00  00 00 00 00  00 00 00 00  00 00 00 00  00 00 00 00  
00 00 00 00  00 00 00 00  00 00 00 00  00 00 00 00  00 00 00 00  00 00 00 00  00 00 00 00  00 00 00 00  
00 00 00 00  04 1d 76 30  00 48 00 01  00 80 00 00  00 00 00 00  00 00 00 00  00 00 00 00  00 00 00 00  
00 00 00 00  00 00 00 00  00 00 00 00  00 00 00 00  00 00 00 00  00 00 00 00  00 00 00 00  00 00 00 00  
00 00 00 00  00 00 00 00  00 00 00 00  00 00 00 00  00 00 00 00  04 1d 76 30  00 48 00 01  00 00 00 00  
00 00 00 00  00 00 00 00  00 00 00 00  00 00 00 00  00 00 00 00  00 00 00 00  00 00 00 00  00 00 00 00  
00 00 00 00  00 00 00 00  00 00 00 00  00 00 00 00  00 00 00 00  00 00 00 00  00 00 00 00  00 00 00 00  
00 00 00 00  04 1d 76 30  00 48 00 01  00 80 00 00  00 00 00 00  00 00 00 00  00 00 00 00  00 00 00 00  
00 00 00 00  00 00 00 00  00 00 00 00  00 00 00 00  00 00 00 00  00 00 00 00  00 00 00 00  00 00 00 00  
00 00 00 00  00 00 00 00  00 00 00 00  00 00 00 00  00 00 00 00  04 1d 76 30  00 48 00 01  00 80 00 00  
00 00 00 00  00 00 00 00  00 00 00 00  00 00 00 00  00 00 00 00  00 00 00 00  00 00 00 00  00 00 00 00  
00 00 00 00  00 00 00 00  00 00 00 00  00 00 00 00  00 00 00 00  00 00 00 00  00 00 00 00  00 00 00 00  
00 00 00 00  04 1d 76 30  00 48 00 01  00 80 00 00  00 00 00 00  00 00 00 00  00 00 00 00  00 00 00 00  
00 00 00 00  00 00 00 00  00 00 00 00  00 00 00 00  00 00 00 00  00 00 00 00  00 00 00 00  00 00 00 00  
00 00 00 00  00 00 00 00  00 00 00 00  00 00 00 00  00 00 00 00  04 1d 76 30  00 48 00 01  00 80 00 00  
00 00 00 00  00 00 00 00  00 00 00 00  00 00 00 00  00 00 00 00  00 00 00 00  00 00 00 00  00 00 00 00  
00 00 00 00  00 00 00 00  00 00 00 00  00 00 00 00  00 00 00 00  00 00 00 00  00 00 00 00  00 00 00 00  
00 00 00 00  04 1d 76 30  00 48 00 01  00 80 00 00  00 00 00 00  00 00 00 00  00 00 00 00  00 00 00 00  
00 00 00 00  00 00 00 00  00 00 00 00  00 00 00 00  00 00 00 00  00 00 00 00  00 00 00 00  00 00 00 00  
00 00 00 00  00 00 00 00  00 00 00 00  00 00 00 00  00 00 00 00  04 1d 76 30  00 48 00 01  00 80 00 00  
00 00 00 00  00 00 00 00  00 00 00 00  00 00 00 00  00 00 00 00  00 00 00 00  00 00 00 00  00 00 00 00  
00 00 00 00  00 00 00 00  00 00 00 00  00 00 00 00  00 00 00 00  00 00 00 00  00 00 00 00  00 00 00 00  
00 00 00 00  04 1d 76 30  00 48 00 01  00 80 00 00  00 00 00 00  00 00 00 00  00 00 00 00  00 00 00 00  
00 00 00 00  00 00 00 00  00 00 00 00  00 00 00 00  00 00 00 00  00 00 00 00  00 00 00 00  00 00 00 00  
00 00 00 00  00 00 00 00  00 00 00 00  00 00 00 00  00 00 00 00  04 1d 76 30  00 48 00 01  00 00 00 00  
00 00 00 00  00 00 00 00  00 00 00 00  00 00 00 00  00 00 00 00  00 00 00 00  00 00 00 00  00 00 00 00  
00 00 00 00  00 00 00 00  00 00 00 00  00 00 00 00  00 00 00 00  00 00 00 00  00 00 00 00  00 00 00 00  
00 00 00 00  04 1d 76 30  00 48 00 01  00 80 00 00  00 00 00 00  00 00 00 00  00 00 00 00  00 00 00 00  
00 00 00 00  00 00 00 00  00 00 00 00  00 00 00 00  00 00 00 00  00 00 00 00  00 00 00 00  00 00 00 00  
00 00 00 00  00 00 00 00  00 00 00 00  00 00 00 00  00 00 00 00  04 1d 76 30  00 48 00 01  00 80 00 00  
00 00 00 00  00 00 00 00  00 00 00 00  00 00 00 00  00 00 00 00  00 00 00 00  00 00 00 00  00 00 00 00  
00 00 00 00  00 00 00 00  00 00 00 00  00 00 00 00  00 00 00 00  00 00 00 00  00 00 00 00  00 00 00 00  
00 00 00 00  04 1d 76 30  00 48 00 01  00 80 00 00  00 00 00 00  00 00 00 00  00 00 00 00  00 00 00 00  
00 00 00 00  00 00 00 00  00 00 00 00  00 00 00 00  00 00 00 00  00 00 00 00  00 00 00 00  00 00 00 00  
00 00 00 00  00 00 00 00  00 00 00 00  00 00 00 00  00 00 00 00  04 1d 76 30  00 48 00 01  00 80 00 00  
00 00 00 00  00 00 00 00  00 00 00 00  00 00 00 00  00 00 00 00  00 00 00 00  00 00 00 00  00 00 00 00  
00 00 00 00  00 00 00 00  00 00 00 00  00 00 00 00  00 00 00 00  00 00 00 00  00 00 00 00  00 00 00 00  
00 00 00 00  04 1d 76 30  00 48 00 01  00 80 00 00  00 00 00 00  00 00 00 00  00 00 00 00  00 00 00 00  
00 00 00 00  00 00 00 00  00 00 00 00  00 00 00 00  00 00 00 00  00 00 00 00  00 00 00 00  00 00 00 00  
00 00 00 00  00 00 00 00  00 00 00 00  00 00 00 00  00 00 00 00  04 1d 76 30  00 48 00 01  00 80 00 00  
00 00 00 00  00 00 00 00  00 00 00 00  00 00 00 00  00 00 00 00  00 00 00 00  00 00 00 00  00 00 00 00  
00 00 00 00  00 00 00 00  00 00 00 00  00 00 00 00  00 00 00 00  00 00 00 00  00 00 00 00  00 00 00 00  
00 00 00 00  04 1d 76 30  00 48 00 01  00 80 00 00  00 00 00 00  00 00 00 00  00 00 00 00  00 00 00 00  
00 00 00 00  00 00 00 00  00 00 00 00  00 00 00 00  00 00 00 00  00 00 00 00  00 00 00 00  00 00 00 00  
00 00 00 00  00 00 00 00  00 00 00 00  00 00 00 00  00 00 00 00  04 1d 76 30  00 48 00 01  00 00 00 00  
00 00 00 00  00 00 00 00  00 00 00 00  00 00 00 00  00 00 00 00  00 00 00 00  00 00 00 00  00 00 00 00  
00 00 00 00  00 00 00 00  00 00 00 00  00 00 00 00  00 00 00 00  00 00 00 00  00 00 00 00  00 00 00 00  
00 00 00 00  04 1d 76 30  00 48 00 01  00 80 00 00  00 00 00 00  00 00 00 00  00 00 00 00  00 00 00 00  
00 00 00 00  00 00 00 00  00 00 00 00  00 00 00 00  00 00 00 00  00 00 00 00  00 00 00 00  00 00 00 00  
00 00 00 00  00 00 00 00  00 00 00 00  00 00 00 00  00 00 00 00  04 1d 76 30  00 48 00 01  00 80 00 00  
00 00 00 00  00 00 00 00  00 00 00 00  00 00 00 00  00 00 00 00  00 00 00 00  00 00 00 00  00 00 00 00  
00 00 00 00  00 00 00 00  00 00 00 00  00 00 00 00  00 00 00 00  00 00 00 00  00 00 00 00  00 00 00 00  
00 00 00 00  04 1d 76 30  00 48 00 01  00 80 00 00  00 00 00 00  00 00 00 00  00 00 00 00  00 00 00 00  
00 00 00 00  00 00 00 00  00 00 00 00  00 00 00 00  00 00 00 00  00 00 00 00  00 00 00 00  00 00 00 00  
00 00 00 00  00 00 00 00  00 00 00 00  00 00 00 00  00 00 00 00  04 1d 76 30  00 48 00 01  00 80 00 00  
00 00 00 00  00 00 00 00  00 00 00 00  00 00 00 00  00 00 00 00  00 00 00 00  00 00 00 00  00 00 00 00  
00 00 00 00  00 00 00 00  00 00 00 00  00 00 00 00  00 00 00 00  00 00 00 00  00 00 00 00  00 00 00 00  
00 00 00 00  04 1d 76 30  00 48 00 01  00 80 00 00  00 00 00 00  00 00 00 00  00 00 00 00  00 00 00 00  
00 00 00 00  00 00 00 00  00 00 00 00  00 00 00 00  00 00 00 00  00 00 00 00  00 00 00 00  00 00 00 00  
00 00 00 00  00 00 00 00  00 00 00 00  00 00 00 00  00 00 00 00  04 1d 76 30  00 48 00 01  00 80 00 00  
00 00 00 00  00 00 00 00  00 00 00 00  00 00 00 00  00 00 00 00  00 00 00 00  00 00 00 00  00 00 00 00  
00 00 00 00  00 00 00 00  00 00 00 00  00 00 00 00  00 00 00 00  00 00 00 00  00 00 00 00  00 00 00 00  
00 00 00 00  04 1d 76 30  00 48 00 01  00 80 00 00  00 00 00 00  00 00 00 00  00 00 00 00  00 00 00 00  
00 00 00 00  00 00 00 00  00 00 00 00  00 00 00 00  00 00 00 00  00 00 00 00  00 00 00 00  00 00 00 00  
00 00 00 00  00 00 00 00  00 00 00 00  00 00 00 00  00 00 00 00  04 1d 76 30  00 48 00 01  00 00 00 00  
00 00 00 00  00 00 00 00  00 00 00 00  00 00 00 00  00 00 00 00  00 00 00 00  00 00 00 00  00 00 00 00  
00 00 00 00  00 00 00 00  00 00 00 00  00 00 00 00  00 00 00 00  00 00 00 00  00 00 00 00  00 00 00 00  
00 00 00 00  04 1d 76 30  00 48 00 01  00 80 00 00  00 00 00 00  00 00 00 00  00 00 00 00  00 00 00 00  
00 00 00 00  00 00 00 00  00 00 00 00  00 00 00 00  00 00 00 00  00 00 00 00  00 00 00 00  00 00 00 00  
00 00 00 00  00 00 00 00  00 00 00 00  00 00 00 00  00 00 00 00  04 1d 76 30  00 48 00 01  00 80 00 00  
00 00 00 00  00 00 00 00  00 00 00 00  00 00 00 00  00 00 00 00  00 00 00 00  00 00 00 00  00 00 00 00  
00 00 00 00  00 00 00 00  00 00 00 00  00 00 00 00  00 00 00 00  00 00 00 00  00 00 00 00  00 00 00 00  
00 00 00 00  04 1d 76 30  00 48 00 01  00 80 00 00  00 00 00 00  00 00 00 00  00 00 00 00  00 00 00 00  
00 00 00 00  00 00 00 00  00 00 00 00  00 00 00 00  00 00 00 00  00 00 00 00  00 00 00 00  00 00 00 00  
00 00 00 00  00 00 00 00  00 00 00 00  00 00 00 00  00 00 00 00  04 1d 76 30  00 48 00 01  00 80 00 00  
00 00 00 00  00 00 00 00  00 00 00 00  00 00 00 00  00 00 00 00  00 00 00 00  00 00 00 00  00 00 00 00  
00 00 00 00  00 00 00 00  00 00 00 00  00 00 00 00  00 00 00 00  00 00 00 00  00 00 00 00  00 00 00 00  
00 00 00 00  04 1d 76 30  00 48 00 01  00 80 00 00  00 00 00 00  00 00 00 00  00 00 00 00  00 00 00 00  
00 00 00 00  00 00 00 00  00 00 00 00  00 00 00 00  00 00 00 00  00 00 00 00  00 00 00 00  00 00 00 00  
00 00 00 00  00 00 00 00  00 00 00 00  00 00 00 00  00 00 00 00  04 1d 76 30  00 48 00 01  00 80 00 00  
00 00 00 00  00 00 00 00  00 00 00 00  00 00 00 00  00 00 00 00  00 00 00 00  00 00 00 00  00 00 00 00  
00 00 00 00  00 00 00 00  00 00 00 00  00 00 00 00  00 00 00 00  00 00 00 00  00 00 00 00  00 00 00 00  
00 00 00 00  04 1d 76 30  00 48 00 01  00 80 00 00  00 00 00 00  00 00 00 00  00 00 00 00  00 00 00 00  
00 00 00 00  00 00 00 00  00 00 00 00  00 00 00 00  00 00 00 00  00 00 00 00  00 00 00 00  00 00 00 00  
00 00 00 00  00 00 00 00  00 00 00 00  00 00 00 00  00 00 00 00  04 1d 76 30  00 48 00 01  00 00 00 00  
00 00 00 00  00 00 00 00  00 00 00 00  00 00 00 00  00 00 00 00  00 00 00 00  00 00 00 00  00 00 00 00  
00 00 00 00  00 00 00 00  00 00 00 00  00 00 00 00  00 00 00 00  00 00 00 00  00 00 00 00  00 00 00 00  
00 00 00 00  04 1d 76 30  00 48 00 01  00 80 00 00  00 00 00 00  00 00 00 00  00 00 00 00  00 00 00 00  
00 00 00 00  00 00 00 00  00 00 00 00  00 00 00 00  00 00 00 00  00 00 00 00  00 00 00 00  00 00 00 00  
00 00 00 00  00 00 00 00  00 00 00 00  00 00 00 00  00 00 00 00  04 1d 76 30  00 48 00 01  00 80 00 00  
00 00 00 00  00 00 00 00  00 00 00 00  00 00 00 00  00 00 00 00  00 00 00 00  00 00 00 00  00 00 00 00  
00 00 00 00  00 00 00 00  00 00 00 00  00 00 00 00  00 00 00 00  00 00 00 00  00 00 00 00  00 00 00 00  
00 00 00 00  04 1d 76 30  00 48 00 01  00 80 00 00  00 00 00 00  00 00 00 00  00 00 00 00  00 00 00 00  
00 00 00 00  00 00 00 00  00 00 00 00  00 00 00 00  00 00 00 00  00 00 00 00  00 00 00 00  00 00 00 00  
00 00 00 00  00 00 00 00  00 00 00 00  00 00 00 00  00 00 00 00  04 1d 76 30  00 48 00 01  00 80 00 00  
00 00 00 00  00 00 00 00  00 00 00 00  00 00 00 00  00 00 00 00  00 00 00 00  00 00 00 00  00 00 00 00  
00 00 00 00  00 00 00 00  00 00 00 00  00 00 00 00  00 00 00 00  00 00 00 00  00 00 00 00  00 00 00 00  
00 00 00 00  04 1d 76 30  00 48 00 01  00 80 00 00  00 00 00 00  00 00 00 00  00 00 00 00  00 00 00 00  
00 00 00 00  00 00 00 00  00 00 00 00  00 00 00 00  00 00 00 00  00 00 00 00  00 00 00 00  00 00 00 00  
00 00 00 00  00 00 00 00  00 00 00 00  00 00 00 00  00 00 00 00  04 1d 76 30  00 48 00 01  00 80 00 00  
00 00 00 00  00 00 00 00  00 00 00 00  00 00 00 00  00 00 00 00  00 00 00 00  00 00 00 00  00 00 00 00  
00 00 00 00  00 00 00 00  00 00 00 00  00 00 00 00  00 00 00 00  00 00 00 00  00 00 00 00  00 00 00 00  
00 00 00 00  04 1d 76 30  00 48 00 01  00 80 00 00  00 00 00 00  00 00 00 00  00 00 00 00  00 00 00 00  
00 00 00 00  00 00 00 00  00 00 00 00  00 00 00 00  00 00 00 00  00 00 00 00  00 00 00 00  00 00 00 00  
00 00 00 00  00 00 00 00  00 00 00 00  00 00 00 00  00 00 00 00  04 1d 76 30  00 48 00 01  00 00 00 00  
00 00 00 00  00 00 00 00  00 00 00 00  00 00 00 00  00 00 00 00  00 00 00 00  00 00 00 00  00 00 00 00  
00 00 00 00  00 00 00 00  00 00 00 00  00 00 00 00  00 00 00 00  00 00 00 00  00 00 00 00  00 00 00 00  
00 00 00 00  04 1d 76 30  00 48 00 01  00 80 00 00  00 00 00 00  00 00 00 00  00 00 00 00  00 00 00 00  
00 00 00 00  00 00 00 00  00 00 00 00  00 00 00 00  00 00 00 00  00 00 00 00  00 00 00 00  00 00 00 00  
00 00 00 00  00 00 00 00  00 00 00 00  00 00 00 00  00 00 00 00  04 1d 76 30  00 48 00 01  00 80 00 00  
00 00 00 00  00 00 00 00  00 00 00 00  00 00 00 00  00 00 00 00  00 00 00 00  00 00 00 00  00 00 00 00  
00 00 00 00  00 00 00 00  00 00 00 00  00 00 00 00  00 00 00 00  00 00 00 00  00 00 00 00  00 00 00 00  
00 00 00 00  04 1d 76 30  00 48 00 01  00 80 00 00  00 00 00 00  00 00 00 00  00 00 00 00  00 00 00 00  
00 00 00 00  00 00 00 00  00 00 00 00  00 00 00 00  00 00 00 00  00 00 00 00  00 00 00 00  00 00 00 00  
00 00 00 00  00 00 00 00  00 00 00 00  00 00 00 00  00 00 00 00  04 1d 76 30  00 48 00 01  00 80 00 00  
00 00 00 00  00 00 00 00  00 00 00 00  00 00 00 00  00 00 00 00  00 00 00 00  00 00 00 00  00 00 00 00  
00 00 00 00  00 00 00 00  00 00 00 00  00 00 00 00  00 00 00 00  00 00 00 00  00 00 00 00  00 00 00 00  
00 00 00 00  04 1d 76 30  00 48 00 01  00 80 00 00  00 00 00 00  00 00 00 00  00 00 00 00  00 00 00 00  
00 00 00 00  00 00 00 00  00 00 00 00  00 00 00 00  00 00 00 00  00 00 00 00  00 00 00 00  00 00 00 00  
00 00 00 00  00 00 00 00  00 00 00 00  00 00 00 00  00 00 00 00  04 1d 76 30  00 48 00 01  00 80 00 00  
00 00 00 00  00 00 00 00  00 00 00 00  00 00 00 00  00 00 00 00  00 00 00 00  00 00 00 00  00 00 00 00  
00 00 00 00  00 00 00 00  00 00 00 00  00 00 00 00  00 00 00 00  00 00 00 00  00 00 00 00  00 00 00 00  
00 00 00 00  04 1d 76 30  00 48 00 01  00 80 00 00  00 00 00 00  00 00 00 00  00 00 00 00  00 00 00 00  
00 00 00 00  00 00 00 00  00 00 00 00  00 00 00 00  00 00 00 00  00 00 00 00  00 00 00 00  00 00 00 00  
00 00 00 00  00 00 00 00  00 00 00 00  00 00 00 00  00 00 00 00  04 1d 76 30  00 48 00 01  00 00 00 00  
00 00 00 00  00 00 00 00  00 00 00 00  00 00 00 00  00 00 00 00  00 00 00 00  00 00 00 00  00 00 00 00  
00 00 00 00  00 00 00 00  00 00 00 00  00 00 00 00  00 00 00 00  00 00 00 00  00 00 00 00  00 00 00 00  
00 00 00 00  04 1d 76 30  00 48 00 01  00 80 00 00  00 00 00 00  00 00 00 00  00 00 00 00  00 00 00 00  
00 00 00 00  00 00 00 00  00 00 00 00  00 00 00 00  00 00 00 00  00 00 00 00  00 00 00 00  00 00 00 00  
00 00 00 00  00 00 00 00  00 00 00 00  00 00 00 00  00 00 00 00  04 1d 76 30  00 48 00 01  00 80 00 00  
00 00 00 00  00 00 00 00  00 00 00 00  00 00 00 00  00 00 00 00  00 00 00 00  00 00 00 00  00 00 00 00  
00 00 00 00  00 00 00 00  00 00 00 00  00 00 00 00  00 00 00 00  00 00 00 00  00 00 00 00  00 00 00 00  
00 00 00 00  04 1d 76 30  00 48 00 01  00 80 00 00  00 00 00 00  00 00 00 00  00 00 00 00  00 00 00 00  
00 00 00 00  00 00 00 00  00 00 00 00  00 00 00 00  00 00 00 00  00 00 00 00  00 00 00 00  00 00 00 00  
00 00 00 00  00 00 00 00  00 00 00 00  00 00 00 00  00 00 00 00  04 1d 76 30  00 48 00 01  00 80 00 00  
00 00 00 00  00 00 00 00  00 00 00 00  00 00 00 00  00 00 00 00  00 00 00 00  00 00 00 00  00 00 00 00  
00 00 00 00  00 00 00 00  00 00 00 00  00 00 00 00  00 00 00 00  00 00 00 00  00 00 00 00  00 00 00 00  
00 00 00 00  04 1d 76 30  00 48 00 01  00 80 00 00  00 00 00 00  00 00 00 00  00 00 00 00  00 00 00 00  
00 00 00 00  00 00 00 00  00 00 00 00  00 00 00 00  00 00 00 00  00 00 00 00  00 00 00 00  00 00 00 00  
00 00 00 00  00 00 00 00  00 00 00 00  00 00 00 00  00 00 00 00  04 1d 76 30  00 48 00 01  00 80 00 00  
00 00 00 00  00 00 00 00  00 00 00 00  00 00 00 00  00 00 00 00  00 00 00 00  00 00 00 00  00 00 00 00  
00 00 00 00  00 00 00 00  00 00 00 00  00 00 00 00  00 00 00 00  00 00 00 00  00 00 00 00  00 00 00 00  
00 00 00 00  04 1d 76 30  00 48 00 01  00 80 00 00  00 00 00 00  00 00 00 00  00 00 00 00  00 00 00 00  
00 00 00 00  00 00 00 00  00 00 00 00  00 00 00 00  00 00 00 00  00 00 00 00  00 00 00 00  00 00 00 00  
00 00 00 00  00 00 00 00  00 00 00 00  00 00 00 00  00 00 00 00  04 1d 76 30  00 48 00 01  00 00 00 00  
00 00 00 00  00 00 00 00  00 00 00 00  00 00 00 00  00 00 00 00  00 00 00 00  00 00 00 00  00 00 00 00  
00 00 00 00  00 00 00 00  00 00 00 00  00 00 00 00  00 00 00 00  00 00 00 00  00 00 00 00  00 00 00 00  
00 00 00 00  04 1d 76 30  00 48 00 01  00 80 00 00  00 00 00 00  00 00 00 00  00 00 00 00  00 00 00 00  
00 00 00 00  00 00 00 00  00 00 00 00  00 00 00 00  00 00 00 00  00 00 00 00  00 00 00 00  00 00 00 00  
00 00 00 00  00 00 00 00  00 00 00 00  00 00 00 00  00 00 00 00  04 1d 76 30  00 48 00 01  00 80 00 00  
00 00 00 00  00 00 00 00  00 00 00 00  00 00 00 00  00 00 00 00  00 00 00 00  00 00 00 00  00 00 00 00  
00 00 00 00  00 00 00 00  00 00 00 00  00 00 00 00  00 00 00 00  00 00 00 00  00 00 00 00  00 00 00 00  
00 00 00 00  04 1d 76 30  00 48 00 01  00 80 00 00  00 00 00 00  00 00 00 00  00 00 00 00  00 00 00 00  
00 00 00 00  00 00 00 00  00 00 00 00  00 00 00 00  00 00 00 00  00 00 00 00  00 00 00 00  00 00 00 00  
00 00 00 00  00 00 00 00  00 00 00 00  00 00 00 00  00 00 00 00  04 1d 76 30  00 48 00 01  00 80 00 00  
00 00 00 00  00 00 00 00  00 00 00 00  00 00 00 00  00 00 00 00  00 00 00 00  00 00 00 00  00 00 00 00  
00 00 00 00  00 00 00 00  00 00 00 00  00 00 00 00  00 00 00 00  00 00 00 00  00 00 00 00  00 00 00 00  
00 00 00 00  04 1d 76 30  00 48 00 01  00 80 00 00  00 00 00 00  00 00 00 00  00 00 00 00  00 00 00 00  
00 00 00 00  00 00 00 00  00 00 00 00  00 00 00 00  00 00 00 00  00 00 00 00  00 00 00 00  00 00 00 00  
00 00 00 00  00 00 00 00  00 00 00 00  00 00 00 00  00 00 00 00  04 1d 76 30  00 48 00 01  00 80 00 00  
00 00 00 00  00 00 00 00  00 00 00 00  00 00 00 00  00 00 00 00  00 00 00 00  00 00 00 00  00 00 00 00  
00 00 00 00  00 00 00 00  00 00 00 00  00 00 00 00  00 00 00 00  00 00 00 00  00 00 00 00  00 00 00 00  
00 00 00 00  04 1d 76 30  00 48 00 01  00 80 00 00  00 00 00 00  00 00 00 00  00 00 00 00  00 00 00 00  
00 00 00 00  00 00 00 00  00 00 00 00  00 00 00 00  00 00 00 00  00 00 00 00  00 00 00 00  00 00 00 00  
00 00 00 00  00 00 00 00  00 00 00 00  00 00 00 00  00 00 00 00  04 1d 76 30  00 48 00 01  00 00 00 00  
00 00 00 00  00 00 00 00  00 00 00 00  00 00 00 00  00 00 00 00  00 00 00 00  00 00 00 00  00 00 00 00  
00 00 00 00  00 00 00 00  00 00 00 00  00 00 00 00  00 00 00 00  00 00 00 00  00 00 00 00  00 00 00 00  
00 00 00 00  04 1d 76 30  00 48 00 01  00 80 00 00  00 00 00 00  00 00 00 00  00 00 00 00  00 00 00 00  
00 00 00 00  00 00 00 00  00 00 00 00  00 00 00 00  00 00 00 00  00 00 00 00  00 00 00 00  00 00 00 00  
00 00 00 00  00 00 00 00  00 00 00 00  00 00 00 00  00 00 00 00  04 1d 76 30  00 48 00 01  00 80 00 00  
00 00 00 00  00 00 00 00  00 00 00 00  00 00 00 00  00 00 00 00  00 00 00 00  00 00 00 00  00 00 00 00  
00 00 00 00  00 00 00 00  00 00 00 00  00 00 00 00  00 00 00 00  00 00 00 00  00 00 00 00  00 00 00 00  
00 00 00 00  04 1d 76 30  00 48 00 01  00 80 00 00  00 00 00 00  00 00 00 00  00 00 00 00  00 00 00 00  
00 00 00 00  00 00 00 00  00 00 00 00  00 00 00 00  00 00 00 00  00 00 00 00  00 00 00 00  00 00 00 00  
00 00 00 00  00 00 00 00  00 00 00 00  00 00 00 00  00 00 00 00  04 1d 76 30  00 48 00 01  00 80 00 00  
00 00 00 00  00 00 00 00  00 00 00 00  00 00 00 00  00 00 00 00  00 00 00 00  00 00 00 00  00 00 00 00  
00 00 00 00  00 00 00 00  00 00 00 00  00 00 00 00  00 00 00 00  00 00 00 00  00 00 00 00  00 00 00 00  
00 00 00 00  04 1d 76 30  00 48 00 01  00 80 00 00  00 00 00 00  00 00 00 00  00 00 00 00  00 00 00 00  
00 00 00 00  00 00 00 00  00 00 00 00  00 00 00 00  00 00 00 00  00 00 00 00  00 00 00 00  00 00 00 00  
00 00 00 00  00 00 00 00  00 00 00 00  00 00 00 00  00 00 00 00  04 1d 76 30  00 48 00 01  00 80 00 00  
00 00 00 00  00 00 00 00  00 00 00 00  00 00 00 00  00 00 00 00  00 00 00 00  00 00 00 00  00 00 00 00  
00 00 00 00  00 00 00 00  00 00 00 00  00 00 00 00  00 00 00 00  00 00 00 00  00 00 00 00  00 00 00 00  
00 00 00 00  04 1d 76 30  00 48 00 01  00 80 00 00  00 00 00 00  00 00 00 00  00 00 00 00  00 00 00 00  
00 00 00 00  00 00 00 00  00 00 00 00  00 00 00 00  00 00 00 00  00 00 00 00  00 00 00 00  00 00 00 00  
00 00 00 00  00 00 00 00  00 00 00 00  00 00 00 00  00 00 00 00  04 1d 76 30  00 48 00 01  00 00 00 00  
00 00 00 00  00 00 00 00  00 00 00 00  00 00 00 00  00 00 00 00  00 00 00 00  00 00 00 00  00 00 00 00  
00 00 00 00  00 00 00 00  00 00 00 00  00 00 00 00  00 00 00 00  00 00 00 00  00 00 00 00  00 00 00 00  
00 00 00 00  04 1d 76 30  00 48 00 01  00 80 00 00  00 00 00 00  00 00 00 00  00 00 00 00  00 00 00 00  
00 00 00 00  00 00 00 00  00 00 00 00  00 00 00 00  00 00 00 00  00 00 00 00  00 00 00 00  00 00 00 00  
00 00 00 00  00 00 00 00  00 00 00 00  00 00 00 00  00 00 00 00  04 1d 76 30  00 48 00 01  00 80 00 00  
00 00 00 00  00 00 00 00  00 00 00 00  00 00 00 00  00 00 00 00  00 00 00 00  00 00 00 00  00 00 00 00  
00 00 00 00  00 00 00 00  00 00 00 00  00 00 00 00  00 00 00 00  00 00 00 00  00 00 00 00  00 00 00 00  
00 00 00 00  04 1d 76 30  00 48 00 01  00 80 00 00  00 00 00 00  00 00 00 00  00 00 00 00  00 00 00 00  
00 00 00 00  00 00 00 00  00 00 00 00  00 00 00 00  00 00 00 00  00 00 00 00  00 00 00 00  00 00 00 00  
00 00 00 00  00 00 00 00  00 00 00 00  00 00 00 00  00 00 00 00  04 1d 76 30  00 48 00 01  00 80 00 00  
00 00 00 00  00 00 00 00  00 00 00 00  00 00 00 00  00 00 00 00  00 00 00 00  00 00 00 00  00 00 00 00  
00 00 00 00  00 00 00 00  00 00 00 00  00 00 00 00  00 00 00 00  00 00 00 00  00 00 00 00  00 00 00 00  
00 00 00 00  04 1d 76 30  00 48 00 01  00 80 00 00  00 00 00 00  00 00 00 00  00 00 00 00  00 00 00 00  
00 00 00 00  00 00 00 00  00 00 00 00  00 00 00 00  00 00 00 00  00 00 00 00  00 00 00 00  00 00 00 00  
00 00 00 00  00 00 00 00  00 00 00 00  00 00 00 00  00 00 00 00  04 1d 76 30  00 48 00 01  00 80 00 00  
00 00 00 00  00 00 00 00  00 00 00 00  00 00 00 00  00 00 00 00  00 00 00 00  00 00 00 00  00 00 00 00  
00 00 00 00  00 00 00 00  00 00 00 00  00 00 00 00  00 00 00 00  00 00 00 00  00 00 00 00  00 00 00 00  
00 00 00 00  04 1d 76 30  00 48 00 01  00 80 00 00  00 00 00 00  00 00 00 00  00 00 00 00  00 00 00 00  
00 00 00 00  00 00 00 00  00 00 00 00  00 00 00 00  00 00 00 00  00 00 00 00  00 00 00 00  00 00 00 00  
00 00 00 00  00 00 00 00  00 00 00 00  00 00 00 00  00 00 00 00  04 1d 76 30  00 48 00 01  00 00 00 00  
00 00 00 00  00 00 00 00  00 00 00 00  00 00 00 00  00 00 00 00  00 00 00 00  00 00 00 00  00 00 00 00  
00 00 00 00  00 00 00 00  00 00 00 00  00 00 00 00  00 00 00 00  00 00 00 00  00 00 00 00  00 00 00 00  
00 00 00 00  04 1d 76 30  00 48 00 01  00 80 00 00  00 00 00 00  00 00 00 00  00 00 00 00  00 00 00 00  
00 00 00 00  00 00 00 00  00 00 00 00  00 00 00 00  00 00 00 00  00 00 00 00  00 00 00 00  00 00 00 00  
00 00 00 00  00 00 00 00  00 00 00 00  00 00 00 00  00 00 00 00  04 1d 76 30  00 48 00 01  00 80 00 00  
00 00 00 00  00 00 00 00  00 00 00 00  00 00 00 00  00 00 00 00  00 00 00 00  00 00 00 00  00 00 00 00  
00 00 00 00  00 00 00 00  00 00 00 00  00 00 00 00  00 00 00 00  00 00 00 00  00 00 00 00  00 00 00 00  
00 00 00 00  04 1d 76 30  00 48 00 01  00 80 00 00  00 00 00 00  00 00 00 00  00 00 00 00  00 00 00 00  
00 00 00 00  00 00 00 00  00 00 00 00  00 00 00 00  00 00 00 00  00 00 00 00  00 00 00 00  00 00 00 00  
00 00 00 00  00 00 00 00  00 00 00 00  00 00 00 00  00 00 00 00  04 1d 76 30  00 48 00 01  00 80 00 00  
00 00 00 00  00 00 00 00  00 00 00 00  00 00 00 00  00 00 00 00  00 00 00 00  00 00 00 00  00 00 00 00  
00 00 00 00  00 00 00 00  00 00 00 00  00 00 00 00  00 00 00 00  00 00 00 00  00 00 00 00  00 00 00 00  
00 00 00 00  04 1d 76 30  00 48 00 01  00 80 00 00  00 00 00 00  00 00 00 00  00 00 00 00  00 00 00 00  
00 00 00 00  00 00 00 00  00 00 00 00  00 00 00 00  00 00 00 00  00 00 00 00  00 00 00 00  00 00 00 00  
00 00 00 00  00 00 00 00  00 00 00 00  00 00 00 00  00 00 00 00  04 1d 76 30  00 48 00 01  00 80 00 00  
00 00 00 00  00 00 00 00  00 00 00 00  00 00 00 00  00 00 00 00  00 00 00 00  00 00 00 00  00 00 00 00  
00 00 00 00  00 00 00 00  00 00 00 00  00 00 00 00  00 00 00 00  00 00 00 00  00 00 00 00  00 00 00 00  
00 00 00 00  04 1d 76 30  00 48 00 01  00 80 00 00  00 00 00 00  00 00 00 00  00 00 00 00  00 00 00 00  
00 00 00 00  00 00 00 00  00 00 00 00  00 00 00 00  00 00 00 00  00 00 00 00  00 00 00 00  00 00 00 00  
00 00 00 00  00 00 00 00  00 00 00 00  00 00 00 00  00 00 00 00  04 1d 76 30  00 48 00 01  00 00 00 00  
00 00 00 00  00 00 00 00  00 00 00 00  00 00 00 00  00 00 00 00  00 00 00 00  00 00 00 00  00 00 00 00  
00 00 00 00  00 00 00 00  00 00 00 00  00 00 00 00  00 00 00 00  00 00 00 00  00 00 00 00  00 00 00 00  
00 00 00 00  04 1d 76 30  00 48 00 01  00 80 00 00  00 00 00 00  00 00 00 00  00 00 00 00  00 00 00 00  
00 00 00 00  00 00 00 00  00 00 00 00  00 00 00 00  00 00 00 00  00 00 00 00  00 00 00 00  00 00 00 00  
00 00 00 00  00 00 00 00  00 00 00 00  00 00 00 00  00 00 00 00  04 1d 76 30  00 48 00 01  00 80 00 00  
00 00 00 00  00 00 00 00  00 00 00 00  00 00 00 00  00 00 00 00  00 00 00 00  00 00 00 00  00 00 00 00  
00 00 00 00  00 00 00 00  00 00 00 00  00 00 00 00  00 00 00 00  00 00 00 00  00 00 00 00  00 00 00 00  
00 00 00 00  04 1d 76 30  00 48 00 01  00 80 00 00  00 00 00 00  00 00 00 00  00 00 00 00  00 00 00 00  
00 00 00 00  00 00 00 00  00 00 00 00  00 00 00 00  00 00 00 00  00 00 00 00  00 00 00 00  00 00 00 00  
00 00 00 00  00 00 00 00  00 00 00 00  00 00 00 00  00 00 00 00  04 1d 76 30  00 48 00 01  00 80 00 00  
00 00 00 00  00 00 00 00  00 00 00 00  00 00 00 00  00 00 00 00  00 00 00 00  00 00 00 00  00 00 00 00  
00 00 00 00  00 00 00 00  00 00 00 00  00 00 00 00  00 00 00 00  00 00 00 00  00 00 00 00  00 00 00 00  
00 00 00 00  04 1d 76 30  00 48 00 01  00 80 00 00  00 00 00 00  00 00 00 00  00 00 00 00  00 00 00 00  
00 00 00 00  00 00 00 00  00 00 00 00  00 00 00 00  00 00 00 00  00 00 00 00  00 00 00 00  00 00 00 00  
00 00 00 00  00 00 00 00  00 00 00 00  00 00 00 00  00 00 00 00  04 1d 76 30  00 48 00 01  00 80 00 00  
00 00 00 00  00 00 00 00  00 00 00 00  00 00 00 00  00 00 00 00  00 00 00 00  00 00 00 00  00 00 00 00  
00 00 00 00  00 00 00 00  00 00 00 00  00 00 00 00  00 00 00 00  00 00 00 00  00 00 00 00  00 00 00 00  
00 00 00 00  04 1d 76 30  00 48 00 01  00 80 00 00  00 00 00 00  00 00 00 00  00 00 00 00  00 00 00 00  
00 00 00 00  00 00 00 00  00 00 00 00  00 00 00 00  00 00 00 00  00 00 00 00  00 00 00 00  00 00 00 00  
00 00 00 00  00 00 00 00  00 00 00 00  00 00 00 00  00 00 00 00  04 1d 76 30  00 48 00 01  00 00 00 00  
00 00 00 00  00 00 00 00  00 00 00 00  00 00 00 00  00 00 00 00  00 00 00 00  00 00 00 00  00 00 00 00  
00 00 00 00  00 00 00 00  00 00 00 00  00 00 00 00  00 00 00 00  00 00 00 00  00 00 00 00  00 00 00 00  
00 00 00 00  04 1d 76 30  00 48 00 01  00 80 00 00  00 00 00 00  00 00 00 00  00 00 00 00  00 00 00 00  
00 00 00 00  00 00 00 00  00 00 00 00  00 00 00 00  00 00 00 00  00 00 00 00  00 00 00 00  00 00 00 00  
00 00 00 00  00 00 00 00  00 00 00 00  00 00 00 00  00 00 00 00  04 1d 76 30  00 48 00 01  00 80 00 00  
00 00 00 00  00 00 00 00  00 00 00 00  00 00 00 00  00 00 00 00  00 00 00 00  00 00 00 00  00 00 00 00  
00 00 00 00  00 00 00 00  00 00 00 00  00 00 00 00  00 00 00 00  00 00 00 00  00 00 00 00  00 00 00 00  
00 00 00 00  04 1d 76 30  00 48 00 01  00 80 00 00  00 00 00 00  00 00 00 00  00 00 00 00  00 00 00 00  
00 00 00 00  00 00 00 00  00 00 00 00  00 00 00 00  00 00 00 00  00 00 00 00  00 00 00 00  00 00 00 00  
00 00 00 00  00 00 00 00  00 00 00 00  00 00 00 00  00 00 00 00  04 1d 76 30  00 48 00 01  00 80 00 00  
00 00 00 00  00 00 00 00  00 00 00 00  00 00 00 00  00 00 00 00  00 00 00 00  00 00 00 00  00 00 00 00  
00 00 00 00  00 00 00 00  00 00 00 00  00 00 00 00  00 00 00 00  00 00 00 00  00 00 00 00  00 00 00 00  
00 00 00 00  04 1d 76 30  00 48 00 01  00 80 00 00  00 00 00 00  00 00 00 00  00 00 00 00  00 00 00 00  
00 00 00 00  00 00 00 00  00 00 00 00  00 00 00 00  00 00 00 00  00 00 00 00  00 00 00 00  00 00 00 00  
00 00 00 00  00 00 00 00  00 00 00 00  00 00 00 00  00 00 00 00  04 1d 76 30  00 48 00 01  00 80 00 00  
00 00 00 00  00 00 00 00  00 00 00 00  00 00 00 00  00 00 00 00  00 00 00 00  00 00 00 00  00 00 00 00  
00 00 00 00  00 00 00 00  00 00 00 00  00 00 00 00  00 00 00 00  00 00 00 00  00 00 00 00  00 00 00 00  
00 00 00 00  04 1d 76 30  00 48 00 01  00 80 00 00  00 00 00 00  00 00 00 00  00 00 00 00  00 00 00 00  
00 00 00 00  00 00 00 00  00 00 00 00  00 00 00 00  00 00 00 00  00 00 00 00  00 00 00 00  00 00 00 00  
00 00 00 00  00 00 00 00  00 00 00 00  00 00 00 00  00 00 00 00  04 1d 76 30  00 48 00 01  00 00 00 00  
00 00 00 00  00 00 00 00  00 00 00 00  00 00 00 00  00 00 00 00  00 00 00 00  00 00 00 00  00 00 00 00  
00 00 00 00  00 00 00 00  00 00 00 00  00 00 00 00  00 00 00 00  00 00 00 00  00 00 00 00  00 00 00 00  
00 00 00 00  04 1d 76 30  00 48 00 01  00 80 00 00  00 00 00 00  00 00 00 00  00 00 00 00  00 00 00 00  
00 00 00 00  00 00 00 00  00 00 00 00  00 00 00 00  00 00 00 00  00 00 00 00  00 00 00 00  00 00 00 00  
00 00 00 00  00 00 00 00  00 00 00 00  00 00 00 00  00 00 00 00  04 1d 76 30  00 48 00 01  00 80 00 00  
00 00 00 00  00 00 00 00  00 00 00 00  00 00 00 00  00 00 00 00  00 00 00 00  00 00 00 00  00 00 00 00  
00 00 00 00  00 00 00 00  00 00 00 00  00 00 00 00  00 00 00 00  00 00 00 00  00 00 00 00  00 00 00 00  
00 00 00 00  04 1d 76 30  00 48 00 01  00 ff ff ff  ff ff ff ff  ff ff ff ff  ff ff ff ff  ff ff ff ff  
ff ff ff ff  ff ff ff ff  ff ff ff ff  ff ff ff ff  ff ff ff ff  ff ff ff ff  ff ff ff ff  ff ff ff ff  
ff ff ff ff  ff ff ff ff  ff ff ff ff  ff ff ff ff  ff ff ff ff  fc 1d 76 30  00 48 00 01  00 80 00 00  
00 00 00 00  00 00 00 00  00 00 00 00  00 00 00 00  00 00 00 00  00 00 00 00  00 00 00 00  00 00 00 00  
00 00 00 00  00 00 00 00  00 00 00 00  00 00 00 00  00 00 00 00  00 00 00 00  00 00 00 00  00 00 00 00  
00 00 00 00  04 1d 76 30  00 48 00 01  00 80 00 00  00 00 00 00  00 00 00 00  00 00 00 00  00 00 00 00  
00 00 00 00  00 00 00 00  00 00 00 00  00 00 00 00  00 00 00 00  00 00 00 00  00 00 00 00  00 00 00 00  
00 00 00 00  00 00 00 00  00 00 00 00  00 00 00 00  00 00 00 00  04 1d 76 30  00 48 00 01  00 80 00 00  
00 00 00 00  00 00 00 00  00 00 00 00  00 00 00 00  00 00 00 00  00 00 00 00  00 00 00 00  00 00 00 00  
00 00 00 00  00 00 00 00  00 00 00 00  00 00 00 00  00 00 00 00  00 00 00 00  00 00 00 00  00 00 00 00  
00 00 00 00  04 1d 76 30  00 48 00 01  00 80 00 00  00 00 00 00  00 00 00 00  00 00 00 00  00 00 00 00  
00 00 00 00  00 00 00 00  00 00 00 00  00 00 00 00  00 00 00 00  00 00 00 00  00 00 00 00  00 00 00 00  
00 00 00 00  00 00 00 00  00 00 00 00  00 00 00 00  00 00 00 00  04 1d 76 30  00 48 00 01  00 00 00 00  
00 00 00 00  00 00 00 00  00 00 00 00  00 00 00 00  00 00 00 00  00 00 00 00  00 00 00 00  00 00 00 00  
00 00 00 00  00 00 00 00  00 00 00 00  00 00 00 00  00 00 00 00  00 00 00 00  00 00 00 00  00 00 00 00  
00 00 00 00  04 1d 76 30  00 48 00 01  00 80 00 00  00 00 00 00  00 00 00 00  00 00 00 00  00 00 00 00  
00 00 00 00  00 00 00 00  00 00 00 00  00 00 00 00  00 00 00 00  00 00 00 00  00 00 00 00  00 00 00 00  
00 00 00 00  00 00 00 00  00 00 00 00  00 00 00 00  00 00 00 00  04 1d 76 30  00 48 00 01  00 80 00 00  
00 00 00 00  00 00 00 00  00 00 00 00  00 00 00 00  00 00 00 00  00 00 00 00  00 00 00 00  00 00 00 00  
00 00 00 00  00 00 00 00  00 00 00 00  00 00 00 00  00 00 00 00  00 00 00 00  00 00 00 00  00 00 00 00  
00 00 00 00  04 1d 76 30  00 48 00 01  00 80 00 00  00 00 00 00  00 00 00 00  00 00 00 00  00 00 00 00  
00 00 00 00  00 00 00 00  00 00 00 00  00 00 00 00  00 00 00 00  00 00 00 00  00 00 00 00  00 00 00 00  
00 00 00 00  00 00 00 00  00 00 00 00  00 00 00 00  00 00 00 00  04 1d 76 30  00 48 00 01  00 80 00 00  
00 00 00 00  00 00 00 00  00 00 00 00  00 00 00 00  00 00 00 00  00 00 00 00  00 00 00 00  00 00 00 00  
00 00 00 00  00 00 00 00  00 00 00 00  00 00 00 00  00 00 00 00  00 00 00 00  00 00 00 00  00 00 00 00  
00 00 00 00  04 1d 76 30  00 48 00 01  00 80 00 00  00 00 00 00  00 00 00 00  00 00 00 00  00 00 00 00  
00 00 00 00  00 00 00 00  00 00 00 00  00 00 00 00  00 00 00 00  00 00 00 00  00 00 00 00  00 00 00 00  
00 00 00 00  00 00 00 00  00 00 00 00  00 00 00 00  00 00 00 00  04 1d 76 30  00 48 00 01  00 80 00 00  
00 00 00 00  00 00 00 00  00 00 00 00  00 00 00 00  00 00 00 00  00 00 00 00  00 00 00 00  00 00 00 00  
00 00 00 00  00 00 00 00  00 00 00 00  00 00 00 00  00 00 00 00  00 00 00 00  00 00 00 00  00 00 00 00  
00 00 00 00  04 1d 76 30  00 48 00 01  00 80 00 00  00 00 00 00  00 00 00 00  00 00 00 00  00 00 00 00  
00 00 00 00  00 00 00 00  00 00 00 00  00 00 00 00  00 00 00 00  00 00 00 00  00 00 00 00  00 00 00 00  
00 00 00 00  00 00 00 00  00 00 00 00  00 00 00 00  00 00 00 00  04 1d 76 30  00 48 00 01  00 00 00 00  
00 00 00 00  00 00 00 00  00 00 00 00  00 00 00 00  00 00 00 00  00 00 00 00  00 00 00 00  00 00 00 00  
00 00 00 00  00 00 00 00  00 00 00 00  00 00 00 00  00 00 00 00  00 00 00 00  00 00 00 00  00 00 00 00  
00 00 00 00  04 1d 76 30  00 48 00 01  00 80 00 00  00 00 00 00  00 00 00 00  00 00 00 00  00 00 00 00  
00 00 00 00  00 00 00 00  00 00 00 00  00 00 00 00  00 00 00 00  00 00 00 00  00 00 00 00  00 00 00 00  
00 00 00 00  00 00 00 00  00 00 00 00  00 00 00 00  00 00 00 00  04 1d 76 30  00 48 00 01  00 80 00 00  
00 00 00 00  00 00 00 00  00 00 00 00  00 00 00 00  00 00 00 00  00 00 00 00  00 00 00 00  00 00 00 00  
00 00 00 00  00 00 00 00  00 00 00 00  00 00 00 00  00 00 00 00  00 00 00 00  00 00 00 00  00 00 00 00  
00 00 00 00  04 1d 76 30  00 48 00 01  00 80 00 00  00 00 00 00  00 00 00 00  00 00 00 00  00 00 00 00  
00 00 00 00  00 00 00 00  00 00 00 00  00 00 00 00  00 00 00 00  00 00 00 00  00 00 00 00  00 00 00 00  
00 00 00 00  00 00 00 00  00 00 00 00  00 00 00 00  00 00 00 00  04 1d 76 30  00 48 00 01  00 80 00 00  
00 00 00 00  00 00 00 00  00 00 00 00  00 00 00 00  00 00 00 00  00 00 00 00  00 00 00 00  00 00 00 00  
00 00 00 00  00 00 00 00  00 00 00 00  00 00 00 00  00 00 00 00  00 00 00 00  00 00 00 00  00 00 00 00  
00 00 00 00  04 1d 76 30  00 48 00 01  00 80 00 00  00 00 00 00  00 00 00 00  00 00 00 00  00 00 00 00  
00 00 00 00  00 00 00 00  00 00 00 00  00 00 00 00  00 00 00 00  00 00 00 00  00 00 00 00  00 00 00 00  
00 00 00 00  00 00 00 00  00 00 00 00  00 00 00 00  00 00 00 00  04 1d 76 30  00 48 00 01  00 80 00 00  
00 00 00 00  00 00 00 00  00 00 00 00  00 00 00 00  00 00 00 00  00 00 00 00  00 00 00 00  00 00 00 00  
00 00 00 00  00 00 00 00  00 00 00 00  00 00 00 00  00 00 00 00  00 00 00 00  00 00 00 00  00 00 00 00  
00 00 00 00  04 1d 76 30  00 48 00 01  00 80 00 00  00 00 00 00  00 00 00 00  00 00 00 00  00 00 00 00  
00 00 00 00  00 00 00 00  00 00 00 00  00 00 00 00  00 00 00 00  00 00 00 00  00 00 00 00  00 00 00 00  
00 00 00 00  00 00 00 00  00 00 00 00  00 00 00 00  00 00 00 00  04 1d 76 30  00 48 00 01  00 00 00 00  
00 00 00 00  00 00 00 00  00 00 00 00  00 00 00 00  00 00 00 00  00 00 00 00  00 00 00 00  00 00 00 00  
00 00 00 00  00 00 00 00  00 00 00 00  00 00 00 00  00 00 00 00  00 00 00 00  00 00 00 00  00 00 00 00  
00 00 00 00  04 1d 76 30  00 48 00 01  00 80 00 00  00 00 00 00  00 00 00 00  00 00 00 00  00 00 00 00  
00 00 00 00  00 00 00 00  00 00 00 00  00 00 00 00  00 00 00 00  00 00 00 00  00 00 00 00  00 00 00 00  
00 00 00 00  00 00 00 00  00 00 00 00  00 00 00 00  00 00 00 00  04 1d 76 30  00 48 00 01  00 80 00 00  
00 00 00 00  00 00 00 00  00 00 00 00  00 00 00 00  00 00 00 00  00 00 00 00  00 00 00 00  00 00 00 00  
00 00 00 00  00 00 00 00  00 00 00 00  00 00 00 00  00 00 00 00  00 00 00 00  00 00 00 00  00 00 00 00  
00 00 00 00  04 1d 76 30  00 48 00 01  00 80 00 00  00 00 00 00  00 00 00 00  00 00 00 00  00 00 00 00  
00 00 00 00  00 00 00 00  00 00 00 00  00 00 00 00  00 00 00 00  00 00 00 00  00 00 00 00  00 00 00 00  
00 00 00 00  00 00 00 00  00 00 00 00  00 00 00 00  00 00 00 00  04 1d 76 30  00 48 00 01  00 80 00 00  
00 00 00 00  00 00 00 00  00 00 00 00  00 00 00 00  00 00 00 00  00 00 00 00  00 00 00 00  00 00 00 00  
00 00 00 00  00 00 00 00  00 00 00 00  00 00 00 00  00 00 00 00  00 00 00 00  00 00 00 00  00 00 00 00  
00 00 00 00  04 1d 76 30  00 48 00 01  00 80 00 00  00 00 00 00  00 00 00 00  00 00 00 00  00 00 00 00  
00 00 00 00  00 00 00 00  00 00 00 00  00 00 00 00  00 00 00 00  00 00 00 00  00 00 00 00  00 00 00 00  
00 00 00 00  00 00 00 00  00 00 00 00  00 00 00 00  00 00 00 00  04 1d 76 30  00 48 00 01  00 80 00 00  
00 00 00 00  00 00 00 00  00 00 00 00  00 00 00 00  00 00 00 00  00 00 00 00  00 00 00 00  00 00 00 00  
00 00 00 00  00 00 00 00  00 00 00 00  00 00 00 00  00 00 00 00  00 00 00 00  00 00 00 00  00 00 00 00  
00 00 00 00  04 1d 76 30  00 48 00 01  00 80 00 00  00 00 00 00  00 00 00 00  00 00 00 00  00 00 00 00  
00 00 00 00  00 00 00 00  00 00 00 00  00 00 00 00  00 00 00 00  00 00 00 00  00 00 00 00  00 00 00 00  
00 00 00 00  00 00 00 00  00 00 00 00  00 00 00 00  00 00 00 00  04 1d 76 30  00 48 00 01  00 00 00 00  
00 00 00 00  00 00 00 00  00 00 00 00  00 00 00 00  00 00 00 00  00 00 00 00  00 00 00 00  00 00 00 00  
00 00 00 00  00 00 00 00  00 00 00 00  00 00 00 00  00 00 00 00  00 00 00 00  00 00 00 00  00 00 00 00  
00 00 00 00  04 1d 76 30  00 48 00 01  00 80 00 00  00 00 00 00  00 00 00 00  00 00 00 00  00 00 00 00  
00 00 00 00  00 00 00 00  00 00 00 00  00 00 00 00  00 00 00 00  00 00 00 00  00 00 00 00  00 00 00 00  
00 00 00 00  00 00 00 00  00 00 00 00  00 00 00 00  00 00 00 00  04 1d 76 30  00 48 00 01  00 80 00 00  
00 00 00 00  00 00 00 00  00 00 00 00  00 00 00 00  00 00 00 00  00 00 00 00  00 00 00 00  00 00 00 00  
00 00 00 00  00 00 00 00  00 00 00 00  00 00 00 00  00 00 00 00  00 00 00 00  00 00 00 00  00 00 00 00  
00 00 00 00  04 1d 76 30  00 48 00 01  00 80 00 00  00 00 00 00  00 00 00 00  00 00 00 00  00 00 00 00  
00 00 00 00  00 00 00 00  00 00 00 00  00 00 00 00  00 00 00 00  00 00 00 00  00 00 00 00  00 00 00 00  
00 00 00 00  00 00 00 00  00 00 00 00  00 00 00 00  00 00 00 00  04 1d 76 30  00 48 00 01  00 80 00 00  
00 00 00 00  00 00 00 00  00 00 00 00  00 00 00 00  00 00 00 00  00 00 00 00  00 00 00 00  00 00 00 00  
00 00 00 00  00 00 00 00  00 00 00 00  00 00 00 00  00 00 00 00  00 00 00 00  00 00 00 00  00 00 00 00  
00 00 00 00  04 1d 76 30  00 48 00 01  00 80 00 00  00 00 00 00  00 00 00 00  00 00 00 00  00 00 00 00  
00 00 00 00  00 00 00 00  00 00 00 00  00 00 00 00  00 00 00 00  00 00 00 00  00 00 00 00  00 00 00 00  
00 00 00 00  00 00 00 00  00 00 00 00  00 00 00 00  00 00 00 00  04 1d 76 30  00 48 00 01  00 80 00 00  
00 00 00 00  00 00 00 00  00 00 00 00  00 00 00 00  00 00 00 00  00 00 00 00  00 00 00 00  00 00 00 00  
00 00 00 00  00 00 00 00  00 00 00 00  00 00 00 00  00 00 00 00  00 00 00 00  00 00 00 00  00 00 00 00  
00 00 00 00  04 1d 76 30  00 48 00 01  00 80 00 00  00 00 00 00  00 00 00 00  00 00 00 00  00 00 00 00  
00 00 00 00  00 00 00 00  00 00 00 00  00 00 00 00  00 00 00 00  00 00 00 00  00 00 00 00  00 00 00 00  
00 00 00 00  00 00 00 00  00 00 00 00  00 00 00 00  00 00 00 00  04 1d 76 30  00 48 00 01  00 00 00 00  
00 00 00 00  00 00 00 00  00 00 00 00  00 00 00 00  00 00 00 00  00 00 00 00  00 00 00 00  00 00 00 00  
00 00 00 00  00 00 00 00  00 00 00 00  00 00 00 00  00 00 00 00  00 00 00 00  00 00 00 00  00 00 00 00  
00 00 00 00  04 1d 76 30  00 48 00 01  00 80 00 00  00 00 00 00  00 00 00 00  00 00 00 00  00 00 00 00  
00 00 00 00  00 00 00 00  00 00 00 00  00 00 00 00  00 00 00 00  00 00 00 00  00 00 00 00  00 00 00 00  
00 00 00 00  00 00 00 00  00 00 00 00  00 00 00 00  00 00 00 00  04 1d 76 30  00 48 00 01  00 80 00 00  
00 00 00 00  00 00 00 00  00 00 00 00  00 00 00 00  00 00 00 00  00 00 00 00  00 00 00 00  00 00 00 00  
00 00 00 00  00 00 00 00  00 00 00 00  00 00 00 00  00 00 00 00  00 00 00 00  00 00 00 00  00 00 00 00  
00 00 00 00  04 1d 76 30  00 48 00 01  00 80 00 00  00 00 00 00  00 00 00 00  00 00 00 00  00 00 00 00  
00 00 00 00  00 00 00 00  00 00 00 00  00 00 00 00  00 00 00 00  00 00 00 00  00 00 00 00  00 00 00 00  
00 00 00 00  00 00 00 00  00 00 00 00  00 00 00 00  00 00 00 00  04 1d 76 30  00 48 00 01  00 80 00 00  
00 00 00 00  00 00 00 00  00 00 00 00  00 00 00 00  00 00 00 00  00 00 00 00  00 00 00 00  00 00 00 00  
00 00 00 00  00 00 00 00  00 00 00 00  00 00 00 00  00 00 00 00  00 00 00 00  00 00 00 00  00 00 00 00  
00 00 00 00  04 1d 76 30  00 48 00 01  00 80 00 00  00 00 00 00  00 00 00 00  00 00 00 00  00 00 00 00  
00 00 00 00  00 00 00 00  00 00 00 00  00 00 00 00  00 00 00 00  00 00 00 00  00 00 00 00  00 00 00 00  
00 00 00 00  00 00 00 00  00 00 00 00  00 00 00 00  00 00 00 00  04 1d 76 30  00 48 00 01  00 80 00 00  
00 00 00 00  00 00 00 00  00 00 00 00  00 00 00 00  00 00 00 00  00 00 00 00  00 00 00 00  00 00 00 00  
00 00 00 00  00 00 00 00  00 00 00 00  00 00 00 00  00 00 00 00  00 00 00 00  00 00 00 00  00 00 00 00  
00 00 00 00  04 1d 76 30  00 48 00 01  00 80 00 00  00 00 00 00  00 00 00 00  00 00 00 00  00 00 00 00  
00 00 00 00  00 00 00 00  00 00 00 00  00 00 00 00  00 00 00 00  00 00 00 00  00 00 00 00  00 00 00 00  
00 00 00 00  00 00 00 00  00 00 00 00  00 00 00 00  00 00 00 00  04 1d 76 30  00 48 00 01  00 00 00 00  
00 00 00 00  00 00 00 00  00 00 00 00  00 00 00 00  00 00 00 00  00 00 00 00  00 00 00 00  00 00 00 00  
00 00 00 00  00 00 00 00  00 00 00 00  00 00 00 00  00 00 00 00  00 00 00 00  00 00 00 00  00 00 00 00  
00 00 00 00  04 1d 76 30  00 48 00 01  00 80 00 00  00 00 00 00  00 00 00 00  00 00 00 00  00 00 00 00  
00 00 00 00  00 00 00 00  00 00 00 00  00 00 00 00  00 00 00 00  00 00 00 00  00 00 00 00  00 00 00 00  
00 00 00 00  00 00 00 00  00 00 00 00  00 00 00 00  00 00 00 00  04 1d 76 30  00 48 00 01  00 80 00 00  
00 00 00 00  00 00 00 00  00 00 00 00  00 00 00 00  00 00 00 00  00 00 00 00  00 00 00 00  00 00 00 00  
00 00 00 00  00 00 00 00  00 00 00 00  00 00 00 00  00 00 00 00  00 00 00 00  00 00 00 00  00 00 00 00  
00 00 00 00  04 1d 76 30  00 48 00 01  00 80 00 00  00 00 00 00  00 00 00 00  00 00 00 00  00 00 00 00  
00 00 00 00  00 00 00 00  00 00 00 00  00 00 00 00  00 00 00 00  00 00 00 00  00 00 00 00  00 00 00 00  
00 00 00 00  00 00 00 00  00 00 00 00  00 00 00 00  00 00 00 00  04 1d 76 30  00 48 00 01  00 80 00 00  
00 00 00 00  00 00 00 00  00 00 00 00  00 00 00 00  00 00 00 00  00 00 00 00  00 00 00 00  00 00 00 00  
00 00 00 00  00 00 00 00  00 00 00 00  00 00 00 00  00 00 00 00  00 00 00 00  00 00 00 00  00 00 00 00  
00 00 00 00  04 1d 76 30  00 48 00 01  00 80 00 00  00 00 00 00  00 00 00 00  00 00 00 00  00 00 00 00  
00 00 00 00  00 00 00 00  00 00 00 00  00 00 00 00  00 00 00 00  00 00 00 00  00 00 00 00  00 00 00 00  
00 00 00 00  00 00 00 00  00 00 00 00  00 00 00 00  00 00 00 00  04 1d 76 30  00 48 00 01  00 80 00 00  
00 00 00 00  00 00 00 00  00 00 00 00  00 00 00 00  00 00 00 00  00 00 00 00  00 00 00 00  00 00 00 00  
00 00 00 00  00 00 00 00  00 00 00 00  00 00 00 00  00 00 00 00  00 00 00 00  00 00 00 00  00 00 00 00  
00 00 00 00  04 1d 76 30  00 48 00 01  00 80 00 00  00 00 00 00  00 00 00 00  00 00 00 00  00 00 00 00  
00 00 00 00  00 00 00 00  00 00 00 00  00 00 00 00  00 00 00 00  00 00 00 00  00 00 00 00  00 00 00 00  
00 00 00 00  00 00 00 00  00 00 00 00  00 00 00 00  00 00 00 00  04 1d 76 30  00 48 00 01  00 00 00 00  
00 00 00 00  00 00 00 00  00 00 00 00  00 00 00 00  00 00 00 00  00 00 00 00  00 00 00 00  00 00 00 00  
00 00 00 00  00 00 00 00  00 00 00 00  00 00 00 00  00 00 00 00  00 00 00 00  00 00 00 00  00 00 00 00  
00 00 00 00  04 1d 76 30  00 48 00 01  00 80 00 00  00 00 00 00  00 00 00 00  00 00 00 00  00 00 00 00  
00 00 00 00  00 00 00 00  00 00 00 00  00 00 00 00  00 00 00 00  00 00 00 00  00 00 00 00  00 00 00 00  
00 00 00 00  00 00 00 00  00 00 00 00  00 00 00 00  00 00 00 00  04 1d 76 30  00 48 00 01  00 80 00 00  
00 00 00 00  00 00 00 00  00 00 00 00  00 00 00 00  00 00 00 00  00 00 00 00  00 00 00 00  00 00 00 00  
00 00 00 00  00 00 00 00  00 00 00 00  00 00 00 00  00 00 00 00  00 00 00 00  00 00 00 00  00 00 00 00  
00 00 00 00  04 1d 76 30  00 48 00 01  00 80 00 00  00 00 00 00  00 00 00 00  00 00 00 00  00 00 00 00  
00 00 00 00  00 00 00 00  00 00 00 00  00 00 00 00  00 00 00 00  00 00 00 00  00 00 00 00  00 00 00 00  
00 00 00 00  00 00 00 00  00 00 00 00  00 00 00 00  00 00 00 00  04 1d 76 30  00 48 00 01  00 80 00 00  
00 00 00 00  00 00 00 00  00 00 00 00  00 00 00 00  00 00 00 00  00 00 00 00  00 00 00 00  00 00 00 00  
00 00 00 00  00 00 00 00  00 00 00 00  00 00 00 00  00 00 00 00  00 00 00 00  00 00 00 00  00 00 00 00  
00 00 00 00  04 1d 76 30  00 48 00 01  00 80 00 00  00 00 00 00  00 00 00 00  00 00 00 00  00 00 00 00  
00 00 00 00  00 00 00 00  00 00 00 00  00 00 00 00  00 00 00 00  00 00 00 00  00 00 00 00  00 00 00 00  
00 00 00 00  00 00 00 00  00 00 00 00  00 00 00 00  00 00 00 00  04 1d 76 30  00 48 00 01  00 80 00 00  
00 00 00 00  00 00 00 00  00 00 00 00  00 00 00 00  00 00 00 00  00 00 00 00  00 00 00 00  00 00 00 00  
00 00 00 00  00 00 00 00  00 00 00 00  00 00 00 00  00 00 00 00  00 00 00 00  00 00 00 00  00 00 00 00  
00 00 00 00  04 1d 76 30  00 48 00 01  00 80 00 00  00 00 00 00  00 00 00 00  00 00 00 00  00 00 00 00  
00 00 00 00  00 00 00 00  00 00 00 00  00 00 00 00  00 00 00 00  00 00 00 00  00 00 00 00  00 00 00 00  
00 00 00 00  00 00 00 00  00 00 00 00  00 00 00 00  00 00 00 00  04 1d 76 30  00 48 00 01  00 00 00 00  
00 00 00 00  00 00 00 00  00 00 00 00  00 00 00 00  00 00 00 00  00 00 00 00  00 00 00 00  00 00 00 00  
00 00 00 00  00 00 00 00  00 00 00 00  00 00 00 00  00 00 00 00  00 00 00 00  00 00 00 00  00 00 00 00  
00 00 00 00  04 1d 76 30  00 48 00 01  00 80 00 00  00 00 00 00  00 00 00 00  00 00 00 00  00 00 00 00  
00 00 00 00  00 00 00 00  00 00 00 00  00 00 00 00  00 00 00 00  00 00 00 00  00 00 00 00  00 00 00 00  
00 00 00 00  00 00 00 00  00 00 00 00  00 00 00 00  00 00 00 00  04 1d 76 30  00 48 00 01  00 80 00 00  
00 00 00 00  00 00 00 00  00 00 00 00  00 00 00 00  00 00 00 00  00 00 00 00  00 00 00 00  00 00 00 00  
00 00 00 00  00 00 00 00  00 00 00 00  00 00 00 00  00 00 00 00  00 00 00 00  00 00 00 00  00 00 00 00  
00 00 00 00  04 1d 76 30  00 48 00 01  00 80 00 00  00 00 00 00  00 00 00 00  00 00 00 00  00 00 00 00  
00 00 00 00  00 00 00 00  00 00 00 00  00 00 00 00  00 00 00 00  00 00 00 00  00 00 00 00  00 00 00 00  
00 00 00 00  00 00 00 00  00 00 00 00  00 00 00 00  00 00 00 00  04 1d 76 30  00 48 00 01  00 80 00 00  
00 00 00 00  00 00 00 00  00 00 00 00  00 00 00 00  00 00 00 00  00 00 00 00  00 00 00 00  00 00 00 00  
00 00 00 00  00 00 00 00  00 00 00 00  00 00 00 00  00 00 00 00  00 00 00 00  00 00 00 00  00 00 00 00  
00 00 00 00  04 1d 76 30  00 48 00 01  00 80 00 00  00 00 00 00  00 00 00 00  00 00 00 00  00 00 00 00  
00 00 00 00  00 00 00 00  00 00 00 00  00 00 00 00  00 00 00 00  00 00 00 00  00 00 00 00  00 00 00 00  
00 00 00 00  00 00 00 00  00 00 00 00  00 00 00 00  00 00 00 00  04 1d 76 30  00 48 00 01  00 80 00 00  
00 00 00 00  00 00 00 00  00 00 00 00  00 00 00 00  00 00 00 00  00 00 00 00  00 00 00 00  00 00 00 00  
00 00 00 00  00 00 00 00  00 00 00 00  00 00 00 00  00 00 00 00  00 00 00 00  00 00 00 00  00 00 00 00  
00 00 00 00  04 1d 76 30  00 48 00 01  00 80 00 00  00 00 00 00  00 00 00 00  00 00 00 00  00 00 00 00  
00 00 00 00  00 00 00 00  00 00 00 00  00 00 00 00  00 00 00 00  00 00 00 00  00 00 00 00  00 00 00 00  
00 00 00 00  00 00 00 00  00 00 00 00  00 00 00 00  00 00 00 00  04 1d 76 30  00 48 00 01  00 00 00 00  
00 00 00 00  00 00 00 00  00 00 00 00  00 00 00 00  00 00 00 00  00 00 00 00  00 00 00 00  00 00 00 00  
00 00 00 00  00 00 00 00  00 00 00 00  00 00 00 00  00 00 00 00  00 00 00 00  00 00 00 00  00 00 00 00  
00 00 00 00  04 1d 76 30  00 48 00 01  00 80 00 00  00 00 00 00  00 00 00 00  00 00 00 00  00 00 00 00  
00 00 00 00  00 00 00 00  00 00 00 00  00 00 00 00  00 00 00 00  00 00 00 00  00 00 00 00  00 00 00 00  
00 00 00 00  00 00 00 00  00 00 00 00  00 00 00 00  00 00 00 00  04 1d 76 30  00 48 00 01  00 80 00 00  
00 00 00 00  00 00 00 00  00 00 00 00  00 00 00 00  00 00 00 00  00 00 00 00  00 00 00 00  00 00 00 00  
00 00 00 00  00 00 00 00  00 00 00 00  00 00 00 00  00 00 00 00  00 00 00 00  00 00 00 00  00 00 00 00  
00 00 00 00  04 1d 76 30  00 48 00 01  00 80 00 00  00 00 00 00  00 00 00 00  00 00 00 00  00 00 00 00  
00 00 00 00  00 00 00 00  00 00 00 00  00 00 00 00  00 00 00 00  00 00 00 00  00 00 00 00  00 00 00 00  
00 00 00 00  00 00 00 00  00 00 00 00  00 00 00 00  00 00 00 00  04 1d 76 30  00 48 00 01  00 80 00 00  
00 00 00 00  00 00 00 00  00 00 00 00  00 00 00 00  00 00 00 00  00 00 00 00  00 00 00 00  00 00 00 00  
00 00 00 00  00 00 00 00  00 00 00 00  00 00 00 00  00 00 00 00  00 00 00 00  00 00 00 00  00 00 00 00  
00 00 00 00  04 1d 76 30  00 48 00 01  00 80 00 00  00 00 00 00  00 00 00 00  00 00 00 00  00 00 00 00  
00 00 00 00  00 00 00 00  00 00 00 00  00 00 00 00  00 00 00 00  00 00 00 00  00 00 00 00  00 00 00 00  
00 00 00 00  00 00 00 00  00 00 00 00  00 00 00 00  00 00 00 00  04 1d 76 30  00 48 00 01  00 80 00 00  
00 00 00 00  00 00 00 00  00 00 00 00  00 00 00 00  00 00 00 00  00 00 00 00  00 00 00 00  00 00 00 00  
00 00 00 00  00 00 00 00  00 00 00 00  00 00 00 00  00 00 00 00  00 00 00 00  00 00 00 00  00 00 00 00  
00 00 00 00  04 1d 76 30  00 48 00 01  00 80 00 00  00 00 00 00  00 00 00 00  00 00 00 00  00 00 00 00  
00 00 00 00  00 00 00 00  00 00 00 00  00 00 00 00  00 00 00 00  00 00 00 00  00 00 00 00  00 00 00 00  
00 00 00 00  00 00 00 00  00 00 00 00  00 00 00 00  00 00 00 00  04 1d 76 30  00 48 00 01  00 00 00 00  
00 00 00 00  00 00 00 00  00 00 00 00  00 00 00 00  00 00 00 00  00 00 00 00  00 00 00 00  00 00 00 00  
00 00 00 00  00 00 00 00  00 00 00 00  00 00 00 00  00 00 00 00  00 00 00 00  00 00 00 00  00 00 00 00  
00 00 00 00  04 1d 76 30  00 48 00 01  00 80 00 00  00 00 00 00  00 00 00 00  00 00 00 00  00 00 00 00  
00 00 00 00  00 00 00 00  00 00 00 00  00 00 00 00  00 00 00 00  00 00 00 00  00 00 00 00  00 00 00 00  
00 00 00 00  00 00 00 00  00 00 00 00  00 00 00 00  00 00 00 00  04 1d 76 30  00 48 00 01  00 80 00 00  
00 00 00 00  00 00 00 00  00 00 00 00  00 00 00 00  00 00 00 00  00 00 00 00  00 00 00 00  00 00 00 00  
00 00 00 00  00 00 00 00  00 00 00 00  00 00 00 00  00 00 00 00  00 00 00 00  00 00 00 00  00 00 00 00  
00 00 00 00  04 1d 76 30  00 48 00 01  00 80 00 00  00 00 00 00  00 00 00 00  00 00 00 00  00 00 00 00  
00 00 00 00  00 00 00 00  00 00 00 00  00 00 00 00  00 00 00 00  00 00 00 00  00 00 00 00  00 00 00 00  
00 00 00 00  00 00 00 00  00 00 00 00  00 00 00 00  00 00 00 00  04 1d 76 30  00 48 00 01  00 80 00 00  
00 00 00 00  00 00 00 00  00 00 00 00  00 00 00 00  00 00 00 00  00 00 00 00  00 00 00 00  00 00 00 00  
00 00 00 00  00 00 00 00  00 00 00 00  00 00 00 00  00 00 00 00  00 00 00 00  00 00 00 00  00 00 00 00  
00 00 00 00  04 1d 76 30  00 48 00 01  00 80 00 00  00 00 00 00  00 00 00 00  00 00 00 00  00 00 00 00  
00 00 00 00  00 00 00 00  00 00 00 00  00 00 00 00  00 00 00 00  00 00 00 00  00 00 00 00  00 00 00 00  
00 00 00 00  00 00 00 00  00 00 00 00  00 00 00 00  00 00 00 00  04 1d 76 30  00 48 00 01  00 80 00 00  
00 00 00 00  00 00 00 00  00 00 00 00  00 00 00 00  00 00 00 00  00 00 00 00  00 00 00 00  00 00 00 00  
00 00 00 00  00 00 00 00  00 00 00 00  00 00 00 00  00 00 00 00  00 00 00 00  00 00 00 00  00 00 00 00  
00 00 00 00  04 1d 76 30  00 48 00 01  00 80 00 00  00 00 00 00  00 00 00 00  00 00 00 00  00 00 00 00  
00 00 00 00  00 00 00 00  00 00 00 00  00 00 00 00  00 00 00 00  00 00 00 00  00 00 00 00  00 00 00 00  
00 00 00 00  00 00 00 00  00 00 00 00  00 00 00 00  00 00 00 00  04 1d 76 30  00 48 00 01  00 00 00 00  
00 00 00 00  00 00 00 00  00 00 00 00  00 00 00 00  00 00 00 00  00 00 00 00  00 00 00 00  00 00 00 00  
00 00 00 00  00 00 00 00  00 00 00 00  00 00 00 00  00 00 00 00  00 00 00 00  00 00 00 00  00 00 00 00  
00 00 00 00  04 1d 76 30  00 48 00 01  00 80 00 00  00 00 00 00  00 00 00 00  00 00 00 00  00 00 00 00  
00 00 00 00  00 00 00 00  00 00 00 00  00 00 00 00  00 00 00 00  00 00 00 00  00 00 00 00  00 00 00 00  
00 00 00 00  00 00 00 00  00 00 00 00  00 00 00 00  00 00 00 00  04 1d 76 30  00 48 00 01  00 80 00 00  
00 00 00 00  00 00 00 00  00 00 00 00  00 00 00 00  00 00 00 00  00 00 00 00  00 00 00 00  00 00 00 00  
00 00 00 00  00 00 00 00  00 00 00 00  00 00 00 00  00 00 00 00  00 00 00 00  00 00 00 00  00 00 00 00  
00 00 00 00  04 1d 76 30  00 48 00 01  00 80 00 00  00 00 00 00  00 00 00 00  00 00 00 00  00 00 00 00  
00 00 00 00  00 00 00 00  00 00 00 00  00 00 00 00  00 00 00 00  00 00 00 00  00 00 00 00  00 00 00 00  
00 00 00 00  00 00 00 00  00 00 00 00  00 00 00 00  00 00 00 00  04 1d 76 30  00 48 00 01  00 80 00 00  
00 00 00 00  00 00 00 00  00 00 00 00  00 00 00 00  00 00 00 00  00 00 00 00  00 00 00 00  00 00 00 00  
00 00 00 00  00 00 00 00  00 00 00 00  00 00 00 00  00 00 00 00  00 00 00 00  00 00 00 00  00 00 00 00  
00 00 00 00  04 1d 76 30  00 48 00 01  00 80 00 00  00 00 00 00  00 00 00 00  00 00 00 00  00 00 00 00  
00 00 00 00  00 00 00 00  00 00 00 00  00 00 00 00  00 00 00 00  00 00 00 00  00 00 00 00  00 00 00 00  
00 00 00 00  00 00 00 00  00 00 00 00  00 00 00 00  00 00 00 00  04 1d 76 30  00 48 00 01  00 80 00 00  
00 00 00 00  00 00 00 00  00 00 00 00  00 00 00 00  00 00 00 00  00 00 00 00  00 00 00 00  00 00 00 00  
00 00 00 00  00 00 00 00  00 00 00 00  00 00 00 00  00 00 00 00  00 00 00 00  00 00 00 00  00 00 00 00  
00 00 00 00  04 1d 76 30  00 48 00 01  00 80 00 00  00 00 00 00  00 00 00 00  00 00 00 00  00 00 00 00  
00 00 00 00  00 00 00 00  00 00 00 00  00 00 00 00  00 00 00 00  00 00 00 00  00 00 00 00  00 00 00 00  
00 00 00 00  00 00 00 00  00 00 00 00  00 00 00 00  00 00 00 00  04 1d 76 30  00 48 00 01  00 00 00 00  
00 00 00 00  00 00 00 00  00 00 00 00  00 00 00 00  00 00 00 00  00 00 00 00  00 00 00 00  00 00 00 00  
00 00 00 00  00 00 00 00  00 00 00 00  00 00 00 00  00 00 00 00  00 00 00 00  00 00 00 00  00 00 00 00  
00 00 00 00  04 1d 76 30  00 48 00 01  00 80 00 00  00 00 00 00  00 00 00 00  00 00 00 00  00 00 00 00  
00 00 00 00  00 00 00 00  00 00 00 00  00 00 00 00  00 00 00 00  00 00 00 00  00 00 00 00  00 00 00 00  
00 00 00 00  00 00 00 00  00 00 00 00  00 00 00 00  00 00 00 00  04 1d 76 30  00 48 00 01  00 80 00 00  
00 00 00 00  00 00 00 00  00 00 00 00  00 00 00 00  00 00 00 00  00 00 00 00  00 00 00 00  00 00 00 00  
00 00 00 00  00 00 00 00  00 00 00 00  00 00 00 00  00 00 00 00  00 00 00 00  00 00 00 00  00 00 00 00  
00 00 00 00  04 1d 76 30  00 48 00 01  00 80 00 00  00 00 00 00  00 00 00 00  00 00 00 00  00 00 00 00  
00 00 00 00  00 00 00 00  00 00 00 00  00 00 00 00  00 00 00 00  00 00 00 00  00 00 00 00  00 00 00 00  
00 00 00 00  00 00 00 00  00 00 00 00  00 00 00 00  00 00 00 00  04 1d 76 30  00 48 00 01  00 80 00 00  
00 00 00 00  00 00 00 00  00 00 00 00  00 00 00 00  00 00 00 00  00 00 00 00  00 00 00 00  00 00 00 00  
00 00 00 00  00 00 00 00  00 00 00 00  00 00 00 00  00 00 00 00  00 00 00 00  00 00 00 00  00 00 00 00  
00 00 00 00  04 1d 76 30  00 48 00 01  00 80 00 00  00 00 00 00  00 00 00 00  00 00 00 00  00 00 00 00  
00 00 00 00  00 00 00 00  00 00 00 00  00 00 00 00  00 00 00 00  00 00 00 00  00 00 00 00  00 00 00 00  
00 00 00 00  00 00 00 00  00 00 00 00  00 00 00 00  00 00 00 00  04 1d 76 30  00 48 00 01  00 80 00 00  
00 00 00 00  00 00 00 00  00 00 00 00  00 00 00 00  00 00 00 00  00 00 00 00  00 00 00 00  00 00 00 00  
00 00 00 00  00 00 00 00  00 00 00 00  00 00 00 00  00 00 00 00  00 00 00 00  00 00 00 00  00 00 00 00  
00 00 00 00  04 1d 76 30  00 48 00 01  00 80 00 00  00 00 00 00  00 00 00 00  00 00 00 00  00 00 00 00  
00 00 00 00  00 00 00 00  00 00 00 00  00 00 00 00  00 00 00 00  00 00 00 00  00 00 00 00  00 00 00 00  
00 00 00 00  00 00 00 00  00 00 00 00  00 00 00 00  00 00 00 00  00 0a 0a 0a  0a                        
1b 6d                                                                                                   
